Network Hamming	Network BER	Network #messages	Network #slaves	Request Payload size (ecc):	Response fail %	Response Payload size (ecc):	Master fault with updates #messages:	Device-to-Device Response #trasmission:	Master #messages:	Device-to-Device fault:	Device-to-Device success:	Master fault with no update #messages:	Request Payload size (no-ecc):	Request success %:	Response Packet size	Device-to-Device retrasmission:	Response Packet Block count:	Request Packet size	Response Header size	Master average path:	Request Packet Block count:	Response success %:	Request Header size	Response Payload size (no-ecc):	Master average Update Link:	Device-to-Device #trasmission:	Request recoverable %	Device-to-Device Request  #trasmission:	Request fail %	Response recoverable %
1.0	0.010000000298023226	5.0	5.0	103.0	98.30191794502521	456.0	0.0	10.0	5.0	0.0	20.0	0.0	59.0	8.353972346158578	600.0	3.0	66.0	247.0	144.0	2.0	15.0	0.24050088569180866	144.0	260.0	17.0	20.0	20.842739713306788	10.0	70.80328794053463	1.4575811692829848
1.0	0.010000000298023226	50.0	5.0	108.0	98.57138805687904	476.0	0.0	87.0	50.0	3.0	178.0	1.0	62.0	7.9445445663786955	620.0	44.0	69.0	252.0	144.0	1.0	16.0	0.19670734172129886	144.0	272.0	162.0	181.0	20.22247768681929	94.0	71.83297774680202	1.231904601399667
1.0	0.010000000298023226	500.0	5.0	98.0	97.0400585935636	391.0	0.0	783.0	500.0	13.0	1578.0	1.0	56.0	8.784500279063021	535.0	294.0	56.0	242.0	144.0	1.0	15.0	0.4621990406835183	144.0	223.0	1245.0	1591.0	21.473223550792355	808.0	69.74227617014462	2.497742365752873
1.0	0.010000000298023226	5000.0	5.0	98.0	97.43803524567922	408.0	14.0	7804.0	5000.0	144.0	15686.0	4.0	56.0	8.784500279063021	552.0	3020.0	59.0	242.0	144.0	1.0	15.0	0.38960753333890874	144.0	233.0	13346.0	15830.0	21.473223550792355	8026.0	69.74227617014462	2.1723572209818838
1.0	0.010000000298023226	50000.0	5.0	98.0	97.9307225747213	433.0	132.0	77733.0	50000.0	1513.0	156205.0	33.0	56.0	8.784500279063021	577.0	31183.0	62.0	242.0	144.0	1.0	15.0	0.3030450589331504	144.0	247.0	150191.0	157718.0	21.473223550792355	79985.0	69.74227617014462	1.7662323663455586
0.0	0.010000000298023226	5.0	5.0	7.0	19.83694157699427	22.0	0.0	6.0	5.0	3.0	11.0	1.0	7.0	93.20653459429097	22.0	14.0	2.0	7.0	144.0	1.0	2.0	80.16305842300572	144.0	22.0	5.0	14.0	0.0	8.0	6.793465405709033	0.0
0.0	0.010000000298023226	50.0	5.0	7.0	26.029963329195766	30.0	0.0	57.0	50.0	18.0	117.0	5.0	7.0	93.20653459429097	30.0	116.0	2.0	7.0	144.0	1.0	2.0	73.97003667080423	144.0	30.0	97.0	135.0	0.0	78.0	6.793465405709033	0.0
0.0	0.010000000298023226	500.0	5.0	7.0	19.83694157699427	22.0	7.0	552.0	500.0	181.0	1142.0	48.0	7.0	93.20653459429097	22.0	1194.0	2.0	7.0	144.0	1.0	2.0	80.16305842300572	144.0	22.0	622.0	1323.0	0.0	771.0	6.793465405709033	0.0
0.0	0.010000000298023226	5000.0	5.0	7.0	19.83694157699427	22.0	72.0	5616.0	5000.0	1764.0	11523.0	451.0	7.0	93.20653459429097	22.0	11688.0	2.0	7.0	144.0	1.0	2.0	80.16305842300572	144.0	22.0	6448.0	13287.0	0.0	7671.0	6.793465405709033	0.0
0.0	0.010000000298023226	50000.0	5.0	7.0	21.432186486915178	24.0	654.0	56381.0	50000.0	17260.0	115674.0	4388.0	7.0	93.20653459429097	24.0	115726.0	2.0	7.0	144.0	1.0	2.0	78.56781351308483	144.0	24.0	71769.0	132934.0	0.0	76553.0	6.793465405709033	0.0
1.0	0.0010000000447034842	5.0	5.0	98.0	3.641511737026737	154.0	0.0	8.0	5.0	0.0	16.0	0.0	56.0	78.49611196329926	298.0	0.0	23.0	242.0	144.0	1.0	15.0	74.21906614109562	144.0	88.0	2.0	16.0	19.015075020178664	8.0	2.4888130165220845	22.139422121877637
1.0	0.0010000000447034842	50.0	5.0	103.0	4.094052319220687	174.0	0.0	86.0	50.0	0.0	172.0	0.0	59.0	78.10441556255851	318.0	0.0	25.0	247.0	144.0	1.0	15.0	72.74870212444117	144.0	99.0	37.0	172.0	19.31110260983532	86.0	2.5844818276061665	23.15724555633814
1.0	0.0010000000447034842	500.0	5.0	107.0	4.542402349721075	193.0	0.0	899.0	500.0	0.0	1798.0	0.0	61.0	77.7924662005378	337.0	0.0	28.0	251.0	144.0	1.0	16.0	71.37884653909029	144.0	110.0	505.0	1798.0	19.545455345430334	899.0	2.6620784540318687	24.07875111118864
1.0	0.0010000000447034842	5000.0	5.0	99.0	5.082879838686738	215.0	0.0	8183.0	5000.0	0.0	16366.0	0.0	56.0	78.41761584782691	359.0	10.0	31.0	243.0	144.0	1.0	15.0	69.82489095687919	144.0	123.0	6514.0	16366.0	19.074556059780797	8183.0	2.5078280923922946	25.09222920443408
1.0	0.0010000000447034842	50000.0	5.0	98.0	4.140416403864777	176.0	0.0	80531.0	50000.0	0.0	161062.0	0.0	56.0	78.49611196329926	320.0	82.0	26.0	242.0	144.0	1.0	15.0	72.60327746239668	144.0	100.0	45318.0	161062.0	19.015075020178664	80531.0	2.4888130165220845	23.25630613373854
0.0	0.0010000000447034842	5.0	5.0	7.0	1.8829965969807212	19.0	0.0	9.0	5.0	0.0	18.0	0.0	7.0	99.30209647239276	19.0	1.0	2.0	7.0	144.0	1.0	2.0	98.11700340301928	144.0	19.0	8.0	18.0	0.0	9.0	0.6979035276072368	0.0
0.0	0.0010000000447034842	50.0	5.0	7.0	1.489545429922287	15.0	0.0	91.0	50.0	0.0	182.0	0.0	7.0	99.30209647239276	15.0	4.0	2.0	7.0	144.0	1.0	2.0	98.51045457007771	144.0	15.0	54.0	182.0	0.0	91.0	0.6979035276072368	0.0
0.0	0.0010000000447034842	500.0	5.0	7.0	1.588055888896121	16.0	0.0	807.0	500.0	1.0	1615.0	0.0	7.0	99.30209647239276	16.0	28.0	2.0	7.0	144.0	1.0	2.0	98.41194411110388	144.0	16.0	688.0	1616.0	0.0	809.0	0.6979035276072368	0.0
0.0	0.0010000000447034842	5000.0	5.0	7.0	1.2922285860494624	13.0	0.0	8008.0	5000.0	1.0	16017.0	0.0	7.0	99.30209647239276	13.0	262.0	2.0	7.0	144.0	1.0	2.0	98.70777141395054	144.0	13.0	4995.0	16018.0	0.0	8010.0	0.6979035276072368	0.0
0.0	0.0010000000447034842	50000.0	5.0	7.0	1.2922285860494624	13.0	0.0	79959.0	50000.0	25.0	159943.0	0.0	7.0	99.30209647239276	13.0	2522.0	2.0	7.0	144.0	1.0	2.0	98.70777141395054	144.0	13.0	48375.0	159968.0	0.0	80009.0	0.6979035276072368	0.0
1.0	1.000000059604646E-4	5.0	5.0	98.0	0.04338933107300713	154.0	0.0	8.0	5.0	0.0	16.0	0.0	56.0	97.6089289584791	298.0	0.0	23.0	242.0	144.0	1.0	15.0	97.06381939927776	144.0	88.0	2.0	16.0	2.362372458849445	8.0	0.028698582671449202	2.8927912696492317
1.0	1.000000059604646E-4	50.0	5.0	100.0	0.03385932659912827	119.0	0.0	89.0	50.0	0.0	178.0	0.0	57.0	97.58940814761323	263.0	0.0	18.0	244.0	144.0	1.0	15.0	97.40415504446239	144.0	68.0	14.0	178.0	2.381419842729714	89.0	0.029172009657052467	2.5619856289384915
1.0	1.000000059604646E-4	500.0	5.0	108.0	0.034889810673666144	123.0	0.0	966.0	500.0	0.0	1932.0	0.0	61.0	97.51136393601493	267.0	0.0	18.0	252.0	144.0	1.0	16.0	97.3651992239827	144.0	70.0	208.0	1932.0	2.457532270894998	966.0	0.031103793090070386	2.599910965343636
1.0	1.000000059604646E-4	5000.0	5.0	98.0	0.0328440203504865	115.0	0.0	8165.0	5000.0	0.0	16330.0	0.0	56.0	97.6089289584791	259.0	0.0	17.0	242.0	144.0	1.0	15.0	97.44312645116754	144.0	66.0	2215.0	16330.0	2.362372458849445	8165.0	0.028698582671449202	2.5240295284819654
1.0	1.000000059604646E-4	50000.0	5.0	104.0	0.049353621063741304	174.0	0.0	85979.0	50000.0	0.0	171958.0	0.0	59.0	97.5503782370023	318.0	2.0	25.0	248.0	144.0	1.0	15.0	96.86987605958142	144.0	99.0	46094.0	171958.0	2.419491473637945	85979.0	0.030130289359742157	3.080770319354838
0.0	1.000000059604646E-4	5.0	5.0	7.0	0.10994502304664769	11.0	0.0	8.0	5.0	0.0	16.0	0.0	7.0	99.93002099233054	11.0	0.0	2.0	7.0	144.0	1.0	2.0	99.89005497695335	144.0	11.0	2.0	16.0	0.0	8.0	0.06997900766946705	0.0
0.0	1.000000059604646E-4	50.0	5.0	7.0	0.08996401375885785	9.0	0.0	94.0	50.0	0.0	188.0	0.0	7.0	99.93002099233054	9.0	0.0	2.0	7.0	144.0	1.0	2.0	99.91003598624114	144.0	9.0	18.0	188.0	0.0	94.0	0.06997900766946705	0.0
0.0	1.000000059604646E-4	500.0	5.0	7.0	0.09995501795299179	10.0	0.0	825.0	500.0	0.0	1650.0	0.0	7.0	99.93002099233054	10.0	1.0	2.0	7.0	144.0	1.0	2.0	99.900044982047	144.0	10.0	348.0	1650.0	0.0	825.0	0.06997900766946705	0.0
0.0	1.000000059604646E-4	5000.0	5.0	7.0	0.10994502304664769	11.0	0.0	8014.0	5000.0	0.0	16028.0	0.0	7.0	99.93002099233054	11.0	14.0	2.0	7.0	144.0	1.0	2.0	99.89005497695335	144.0	11.0	4276.0	16028.0	0.0	8014.0	0.06997900766946705	0.0
0.0	1.000000059604646E-4	50000.0	5.0	7.0	0.07997201036432812	8.0	0.0	80097.0	50000.0	0.0	160194.0	0.0	7.0	99.93002099233054	8.0	182.0	2.0	7.0	144.0	1.0	2.0	99.92002798963567	144.0	8.0	23427.0	160194.0	0.0	80097.0	0.06997900766946705	0.0
1.0	1.000000074505808E-5	5.0	5.0	98.0	4.4165777093319036E-4	154.0	0.0	8.0	5.0	0.0	16.0	0.0	56.0	99.75829135886507	298.0	0.0	23.0	242.0	144.0	1.0	15.0	99.70244207155623	144.0	88.0	2.0	16.0	0.2414174972504303	8.0	2.911438845121239E-4	0.29711627067283053
1.0	1.000000074505808E-5	50.0	5.0	98.0	2.449505431156851E-4	78.0	0.0	80.0	50.0	0.0	160.0	0.0	56.0	99.75829135886507	222.0	0.0	12.0	242.0	144.0	1.0	15.0	99.77824511370133	144.0	44.0	2.0	160.0	0.2414174972504303	80.0	2.911438845121239E-4	0.22150993575555003
1.0	1.000000074505808E-5	500.0	5.0	108.0	3.598190735365492E-4	125.0	0.0	947.0	500.0	0.0	1894.0	0.0	61.0	99.74831597788632	269.0	0.0	18.0	252.0	144.0	1.0	16.0	99.7313601194162	144.0	71.0	155.0	1894.0	0.2513682886755564	947.0	3.1573343812763E-4	0.26828006151026595
1.0	1.000000074505808E-5	5000.0	5.0	104.0	2.9598218650450647E-4	100.0	0.0	8613.0	5000.0	0.0	17226.0	0.0	59.0	99.75230601057304	244.0	0.0	15.0	248.0	144.0	1.0	15.0	99.75629620286506	144.0	57.0	1361.0	17226.0	0.24738821122019056	8613.0	3.0577820677724077E-4	0.24340781494843483
1.0	1.000000074505808E-5	50000.0	5.0	99.0	4.4165777093319036E-4	154.0	0.0	81126.0	50000.0	0.0	162252.0	0.0	56.0	99.75729377587714	298.0	0.0	23.0	243.0	144.0	1.0	15.0	99.70244207155623	144.0	88.0	39889.0	162252.0	0.24241266606319234	81126.0	2.935580596608034E-4	0.29711627067283053
0.0	1.000000074505808E-5	5.0	5.0	7.0	0.010999450835970552	11.0	0.0	8.0	5.0	0.0	16.0	0.0	7.0	99.993000209475	11.0	0.0	2.0	7.0	144.0	1.0	2.0	99.98900054916403	144.0	11.0	2.0	16.0	0.0	8.0	0.006999790525000905	0.0
0.0	1.000000074505808E-5	50.0	5.0	7.0	0.004999900373497989	5.0	0.0	80.0	50.0	0.0	160.0	0.0	7.0	99.993000209475	5.0	0.0	2.0	7.0	144.0	1.0	2.0	99.9950000996265	144.0	5.0	2.0	160.0	0.0	80.0	0.006999790525000905	0.0
0.0	1.000000074505808E-5	500.0	5.0	7.0	0.005999850449005695	6.0	0.0	830.0	500.0	0.0	1660.0	0.0	7.0	99.993000209475	6.0	1.0	2.0	7.0	144.0	1.0	2.0	99.994000149551	144.0	6.0	36.0	1660.0	0.0	830.0	0.006999790525000905	0.0
0.0	1.000000074505808E-5	5000.0	5.0	7.0	0.008999640678887703	9.0	0.0	8638.0	5000.0	0.0	17276.0	0.0	7.0	99.993000209475	9.0	3.0	2.0	7.0	144.0	1.0	2.0	99.99100035932112	144.0	9.0	2349.0	17276.0	0.0	8638.0	0.006999790525000905	0.0
0.0	1.000000074505808E-5	50000.0	5.0	7.0	0.009999550756979555	10.0	0.0	80725.0	50000.0	0.0	161450.0	0.0	7.0	99.993000209475	10.0	16.0	2.0	7.0	144.0	1.0	2.0	99.99000044924303	144.0	10.0	38876.0	161450.0	0.0	80725.0	0.006999790525000905	0.0
1.0	1.0000000894069703E-6	5.0	5.0	98.0	4.424427468840975E-6	154.0	0.0	8.0	5.0	0.0	16.0	0.0	56.0	99.97580291370373	298.0	0.0	23.0	242.0	144.0	1.0	15.0	99.97020442220003	144.0	88.0	2.0	16.0	0.024194170662414267	8.0	2.9156338565705653E-6	0.029791153372505506
1.0	1.0000000894069703E-6	50.0	5.0	98.0	2.4527405773078215E-6	78.0	0.0	80.0	50.0	0.0	160.0	0.0	56.0	99.97580291370373	222.0	0.0	12.0	242.0	144.0	1.0	15.0	99.97780245093583	144.0	44.0	2.0	160.0	0.024194170662414267	80.0	2.9156338565705653E-6	0.02219509632360022
1.0	1.0000000894069703E-6	500.0	5.0	98.0	2.278778221675992E-6	70.0	0.0	800.0	500.0	0.0	1600.0	0.0	56.0	99.97580291370373	214.0	0.0	11.0	242.0	144.0	1.0	15.0	99.97860227702616	144.0	40.0	2.0	1600.0	0.024194170662414267	800.0	2.9156338565705653E-6	0.021395444195629467
1.0	1.0000000894069703E-6	5000.0	5.0	98.0	2.278778221675992E-6	70.0	0.0	8000.0	5000.0	0.0	16000.0	0.0	56.0	99.97580291370373	214.0	0.0	11.0	242.0	144.0	1.0	15.0	99.97860227702616	144.0	40.0	3.0	16000.0	0.024194170662414267	8000.0	2.9156338565705653E-6	0.021395444195629467
1.0	1.0000000894069703E-6	50000.0	5.0	109.0	3.3405280652765157E-6	115.0	0.0	94054.0	50000.0	0.0	188108.0	0.0	62.0	99.97470318527202	259.0	0.0	17.0	253.0	144.0	1.0	16.0	99.97410333849889	144.0	66.0	11376.0	188108.0	0.025293627460927677	94054.0	3.18726705028638E-6	0.02589332097303536
0.0	1.0000000894069703E-6	5.0	5.0	7.0	0.0010999945983623486	11.0	0.0	8.0	5.0	0.0	16.0	0.0	7.0	99.99930000203742	11.0	0.0	2.0	7.0	144.0	1.0	2.0	99.99890000540164	144.0	11.0	2.0	16.0	0.0	8.0	6.999979625814792E-4	0.0
0.0	1.0000000894069703E-6	50.0	5.0	7.0	4.999990447062103E-4	5.0	0.0	80.0	50.0	0.0	160.0	0.0	7.0	99.99930000203742	5.0	0.0	2.0	7.0	144.0	1.0	2.0	99.9995000009553	144.0	5.0	2.0	160.0	0.0	80.0	6.999979625814792E-4	0.0
0.0	1.0000000894069703E-6	500.0	5.0	7.0	4.999990447062103E-4	5.0	0.0	800.0	500.0	0.0	1600.0	0.0	7.0	99.99930000203742	5.0	0.0	2.0	7.0	144.0	1.0	2.0	99.9995000009553	144.0	5.0	3.0	1600.0	0.0	800.0	6.999979625814792E-4	0.0
0.0	1.0000000894069703E-6	5000.0	5.0	7.0	5.999985536386676E-4	6.0	0.0	8233.0	5000.0	0.0	16466.0	0.0	7.0	99.99930000203742	6.0	1.0	2.0	7.0	144.0	1.0	2.0	99.99940000144636	144.0	6.0	659.0	16466.0	0.0	8233.0	6.999979625814792E-4	0.0
0.0	1.0000000894069703E-6	50000.0	5.0	7.0	6.999979625814792E-4	7.0	0.0	81006.0	50000.0	0.0	162012.0	0.0	7.0	99.99930000203742	7.0	0.0	2.0	7.0	144.0	1.0	2.0	99.99930000203742	144.0	7.0	18898.0	162012.0	0.0	81006.0	6.999979625814792E-4	0.0
1.0	1.0000001043081328E-7	5.0	5.0	98.0	4.4250691999536684E-8	154.0	0.0	8.0	5.0	0.0	16.0	0.0	56.0	99.99758002890951	298.0	0.0	23.0	242.0	144.0	1.0	15.0	99.99702004394318	144.0	88.0	2.0	16.0	0.0024199419311134013	8.0	2.91593749146557E-8	0.0029799118061296912
1.0	1.0000001043081328E-7	50.0	5.0	98.0	2.4529578368515104E-8	78.0	0.0	80.0	50.0	0.0	160.0	0.0	56.0	99.99758002890951	222.0	0.0	12.0	242.0	144.0	1.0	15.0	99.99778002430033	144.0	44.0	2.0	160.0	0.0024199419311134013	80.0	2.91593749146557E-8	0.0022199511700935217
1.0	1.0000001043081328E-7	500.0	5.0	98.0	2.2789647946552805E-8	70.0	0.0	800.0	500.0	0.0	1600.0	0.0	56.0	99.99758002890951	214.0	0.0	11.0	242.0	144.0	1.0	15.0	99.99786002256866	144.0	40.0	2.0	1600.0	0.0024199419311134013	800.0	2.91593749146557E-8	0.002139954641693083
1.0	1.0000001043081328E-7	5000.0	5.0	98.0	2.2789647946552805E-8	70.0	0.0	8000.0	5000.0	0.0	16000.0	0.0	56.0	99.99758002890951	214.0	0.0	11.0	242.0	144.0	1.0	15.0	99.99786002256866	144.0	40.0	2.0	16000.0	0.0024199419311134013	8000.0	2.91593749146557E-8	0.002139954641693083
1.0	1.0000001043081328E-7	50000.0	5.0	98.0	2.2789647946552805E-8	70.0	0.0	80000.0	50000.0	0.0	160000.0	0.0	56.0	99.99758002890951	214.0	0.0	11.0	242.0	144.0	1.0	15.0	99.99786002256866	144.0	40.0	2.0	160000.0	0.0024199419311134013	80000.0	2.91593749146557E-8	0.002139954641693083
0.0	1.0000001043081328E-7	5.0	5.0	7.0	1.0999995641885869E-4	11.0	0.0	8.0	5.0	0.0	16.0	0.0	7.0	99.99993000001372	11.0	0.0	2.0	7.0	144.0	1.0	2.0	99.99989000004358	144.0	11.0	2.0	16.0	0.0	8.0	6.999998628478621E-5	0.0
0.0	1.0000001043081328E-7	50.0	5.0	7.0	4.9999995196310465E-5	5.0	0.0	80.0	50.0	0.0	160.0	0.0	7.0	99.99993000001372	5.0	0.0	2.0	7.0	144.0	1.0	2.0	99.9999500000048	144.0	5.0	2.0	160.0	0.0	80.0	6.999998628478621E-5	0.0
0.0	1.0000001043081328E-7	500.0	5.0	7.0	4.9999995196310465E-5	5.0	0.0	800.0	500.0	0.0	1600.0	0.0	7.0	99.99993000001372	5.0	0.0	2.0	7.0	144.0	1.0	2.0	99.9999500000048	144.0	5.0	2.0	1600.0	0.0	800.0	6.999998628478621E-5	0.0
0.0	1.0000001043081328E-7	5000.0	5.0	7.0	4.9999995196310465E-5	5.0	0.0	8000.0	5000.0	0.0	16000.0	0.0	7.0	99.99993000001372	5.0	0.0	2.0	7.0	144.0	1.0	2.0	99.9999500000048	144.0	5.0	2.0	16000.0	0.0	8000.0	6.999998628478621E-5	0.0
0.0	1.0000001043081328E-7	50000.0	5.0	7.0	4.9999995196310465E-5	5.0	0.0	83272.0	50000.0	0.0	166544.0	0.0	7.0	99.99993000001372	5.0	0.0	2.0	7.0	144.0	1.0	2.0	99.9999500000048	144.0	5.0	3275.0	166544.0	0.0	83272.0	6.999998628478621E-5	0.0
1.0	1.0000001192092956E-8	5.0	5.0	98.0	4.415690035841635E-10	154.0	0.0	8.0	5.0	0.0	16.0	0.0	56.0	99.99975800026354	298.0	0.0	23.0	242.0	144.0	1.0	15.0	99.99970200040796	144.0	88.0	2.0	16.0	2.419994456292122E-4	8.0	2.90834023530806E-10	2.979991504654718E-4
1.0	1.0000001192092956E-8	50.0	5.0	98.0	2.4459323455516824E-10	78.0	0.0	80.0	50.0	0.0	160.0	0.0	56.0	99.99975800026354	222.0	0.0	12.0	242.0	144.0	1.0	15.0	99.99977800021956	144.0	44.0	2.0	160.0	2.419994456292122E-4	80.0	2.90834023530806E-10	2.2199953584488795E-4
1.0	1.0000001192092956E-8	500.0	5.0	98.0	2.2721824421978454E-10	70.0	0.0	800.0	500.0	0.0	1600.0	0.0	56.0	99.99975800026354	214.0	0.0	11.0	242.0	144.0	1.0	15.0	99.9997860002031	144.0	40.0	2.0	1600.0	2.419994456292122E-4	800.0	2.90834023530806E-10	2.1399956969116526E-4
1.0	1.0000001192092956E-8	5000.0	5.0	98.0	2.2721824421978454E-10	70.0	0.0	8000.0	5000.0	0.0	16000.0	0.0	56.0	99.99975800026354	214.0	0.0	11.0	242.0	144.0	1.0	15.0	99.9997860002031	144.0	40.0	2.0	16000.0	2.419994456292122E-4	8000.0	2.90834023530806E-10	2.1399956969116526E-4
1.0	1.0000001192092956E-8	50000.0	5.0	98.0	2.2721824421978454E-10	70.0	0.0	80000.0	50000.0	0.0	160000.0	0.0	56.0	99.99975800026354	214.0	0.0	11.0	242.0	144.0	1.0	15.0	99.9997860002031	144.0	40.0	2.0	160000.0	2.419994456292122E-4	80000.0	2.90834023530806E-10	2.1399956969116526E-4
0.0	1.0000001192092956E-8	5.0	5.0	7.0	1.1000000722004635E-5	11.0	0.0	8.0	5.0	0.0	16.0	0.0	7.0	99.9999929999994	11.0	0.0	2.0	7.0	144.0	1.0	2.0	99.99998899999927	144.0	11.0	2.0	16.0	0.0	8.0	7.000000592100666E-6	0.0
0.0	1.0000001192092956E-8	50.0	5.0	7.0	5.000000473762046E-6	5.0	0.0	80.0	50.0	0.0	160.0	0.0	7.0	99.9999929999994	5.0	0.0	2.0	7.0	144.0	1.0	2.0	99.99999499999953	144.0	5.0	2.0	160.0	0.0	80.0	7.000000592100666E-6	0.0
0.0	1.0000001192092956E-8	500.0	5.0	7.0	5.000000473762046E-6	5.0	0.0	800.0	500.0	0.0	1600.0	0.0	7.0	99.9999929999994	5.0	0.0	2.0	7.0	144.0	1.0	2.0	99.99999499999953	144.0	5.0	2.0	1600.0	0.0	800.0	7.000000592100666E-6	0.0
0.0	1.0000001192092956E-8	5000.0	5.0	7.0	5.000000473762046E-6	5.0	0.0	8000.0	5000.0	0.0	16000.0	0.0	7.0	99.9999929999994	5.0	0.0	2.0	7.0	144.0	1.0	2.0	99.99999499999953	144.0	5.0	2.0	16000.0	0.0	8000.0	7.000000592100666E-6	0.0
0.0	1.0000001192092956E-8	50000.0	5.0	7.0	5.000000473762046E-6	5.0	0.0	80000.0	50000.0	0.0	160000.0	0.0	7.0	99.9999929999994	5.0	0.0	2.0	7.0	144.0	1.0	2.0	99.99999499999953	144.0	5.0	2.0	160000.0	0.0	80000.0	7.000000592100666E-6	0.0
1.0	0.010000000298023226	5.0	19.0	110.0	98.58370710326017	477.0	0.0	11.0	5.0	0.0	22.0	0.0	63.0	7.786448124819796	621.0	1.0	69.0	254.0	144.0	2.0	16.0	0.19474026824546253	144.0	272.0	20.0	22.0	19.977352355973498	11.0	72.2361995192067	1.2215526284943705
1.0	0.010000000298023226	50.0	19.0	136.0	99.88929917343702	764.0	0.0	133.0	50.0	2.0	271.0	0.0	78.0	5.995900961755741	908.0	34.0	110.0	280.0	144.0	2.0	20.0	0.010883199138287355	144.0	436.0	344.0	273.0	16.958104240714093	140.0	77.04599479753017	0.09981762742469315
1.0	0.010000000298023226	500.0	19.0	121.0	99.73717837202751	668.0	2.0	1170.0	500.0	12.0	2354.0	0.0	69.0	6.971504847866987	812.0	270.0	96.0	265.0	144.0	2.0	18.0	0.028561295797065206	144.0	381.0	3078.0	2366.0	18.661099396961216	1196.0	74.3673957551718	0.23426033217542547
1.0	0.010000000298023226	5000.0	19.0	120.0	99.66546255286114	641.0	24.0	11550.0	5000.0	166.0	23265.0	0.0	68.0	7.041924090874388	785.0	3050.0	92.0	264.0	144.0	2.0	18.0	0.03746516558982211	144.0	366.0	28506.0	23431.0	18.778464807626502	11881.0	74.1796111014991	0.2970722815490376
1.0	0.010000000298023226	50000.0	19.0	120.0	99.5669500940651	612.0	226.0	115320.0	50000.0	1535.0	232023.0	0.0	68.0	7.041924090874388	756.0	31138.0	88.0	264.0	144.0	2.0	18.0	0.0501426193525167	144.0	350.0	266901.0	233558.0	18.778464807626502	118238.0	74.1796111014991	0.38290728658237616
0.0	0.010000000298023226	5.0	19.0	7.0	22.217864645461045	25.0	0.0	9.0	5.0	1.0	19.0	0.0	7.0	93.20653459429097	25.0	10.0	2.0	7.0	144.0	2.0	2.0	77.78213535453895	144.0	25.0	9.0	20.0	0.0	11.0	6.793465405709033	0.0
0.0	0.010000000298023226	50.0	19.0	8.0	26.029963329195766	30.0	3.0	83.0	50.0	17.0	182.0	2.0	8.0	92.27446922057035	30.0	122.0	2.0	8.0	144.0	2.0	2.0	73.97003667080423	144.0	30.0	116.0	199.0	0.0	116.0	7.7255307794296515	0.0
0.0	0.010000000298023226	500.0	19.0	8.0	30.358678949760005	36.0	16.0	872.0	500.0	156.0	1870.0	10.0	8.0	92.27446922057035	36.0	1250.0	2.0	8.0	144.0	2.0	2.0	69.64132105024	144.0	36.0	1590.0	2026.0	0.0	1154.0	7.7255307794296515	0.0
0.0	0.010000000298023226	5000.0	19.0	8.0	29.65523124120771	35.0	150.0	8630.0	5000.0	1531.0	18406.0	85.0	8.0	92.27446922057035	35.0	12121.0	2.0	8.0	144.0	2.0	2.0	70.34476875879228	144.0	35.0	15314.0	19937.0	0.0	11307.0	7.7255307794296515	0.0
0.0	0.010000000298023226	50000.0	19.0	8.0	28.9446780000319	34.0	1369.0	85864.0	50000.0	15792.0	183528.0	912.0	8.0	92.27446922057035	34.0	122072.0	2.0	8.0	144.0	2.0	2.0	71.0553219999681	144.0	34.0	152176.0	199320.0	0.0	113456.0	7.7255307794296515	0.0
1.0	0.0010000000447034842	5.0	19.0	101.0	4.280692015452548	182.0	0.0	9.0	5.0	0.0	18.0	0.0	57.0	78.26085902674303	326.0	0.0	27.0	245.0	144.0	1.0	15.0	72.16874537643075	144.0	104.0	4.0	18.0	19.19310442397462	9.0	2.546036549282349	23.550562608116703
1.0	0.0010000000447034842	50.0	19.0	149.0	12.24946936883029	458.0	0.0	160.0	50.0	0.0	320.0	0.0	85.0	74.59127737735437	602.0	0.0	66.0	293.0	144.0	3.0	22.0	54.755014756729594	144.0	261.0	213.0	320.0	21.8771223719203	160.0	3.531600250725331	32.99551587444011
1.0	0.0010000000447034842	500.0	19.0	130.0	9.317654745248616	366.0	0.0	1332.0	500.0	0.0	2664.0	0.0	74.0	76.0227838094157	510.0	0.0	53.0	274.0	144.0	2.0	19.0	60.03423561260398	144.0	209.0	1594.0	2664.0	20.85109479068713	1332.0	3.126121399897175	30.648109642147396
1.0	0.0010000000447034842	5000.0	19.0	124.0	8.412325664147868	336.0	0.0	12531.0	5000.0	0.0	25062.0	0.0	71.0	76.48052127814034	480.0	8.0	49.0	268.0	144.0	2.0	18.0	61.86347892680273	144.0	192.0	13630.0	25062.0	20.517297917653927	12531.0	3.002180804205723	29.724195409049397
1.0	0.0010000000447034842	50000.0	19.0	122.0	7.882894042625177	318.0	0.0	121558.0	50000.0	0.0	243116.0	0.0	70.0	76.63371207542386	462.0	107.0	46.0	266.0	144.0	2.0	18.0	62.987671149370485	144.0	181.0	136640.0	243116.0	20.404973297533637	121558.0	2.9613146270425106	29.12943480800434
0.0	0.0010000000447034842	5.0	19.0	7.0	1.390936361875994	14.0	0.0	9.0	5.0	0.0	18.0	0.0	7.0	99.30209647239276	14.0	0.0	2.0	7.0	144.0	1.0	2.0	98.60906363812401	144.0	14.0	7.0	18.0	0.0	9.0	0.6979035276072368	0.0
0.0	0.0010000000447034842	50.0	19.0	9.0	2.07913249554693	21.0	0.0	131.0	50.0	0.0	262.0	0.0	9.0	99.10359157267504	21.0	0.0	2.0	9.0	144.0	2.0	2.0	97.92086750445307	144.0	21.0	93.0	262.0	0.0	131.0	0.896408427324953	0.0
0.0	0.0010000000447034842	500.0	19.0	8.0	1.9811136047699105	20.0	0.0	1183.0	500.0	0.0	2366.0	0.0	8.0	99.20279437148123	20.0	16.0	2.0	8.0	144.0	2.0	2.0	98.01888639523008	144.0	20.0	1051.0	2366.0	0.0	1183.0	0.7972056285187691	0.0
0.0	0.0010000000447034842	5000.0	19.0	8.0	2.07913249554693	21.0	0.0	11642.0	5000.0	2.0	23288.0	0.0	8.0	99.20279437148123	21.0	228.0	2.0	8.0	144.0	2.0	2.0	97.92086750445307	144.0	21.0	11369.0	23290.0	0.0	11648.0	0.7972056285187691	0.0
0.0	0.0010000000447034842	50000.0	19.0	8.0	2.1770533674287846	22.0	0.0	116572.0	50000.0	22.0	233178.0	0.0	8.0	99.20279437148123	22.0	2317.0	2.0	8.0	144.0	2.0	2.0	97.82294663257122	144.0	22.0	127866.0	233200.0	0.0	116628.0	0.7972056285187691	0.0
1.0	1.000000059604646E-4	5.0	19.0	101.0	0.0224714243660995	70.0	0.0	9.0	5.0	0.0	18.0	0.0	57.0	97.57964920621679	214.0	0.0	11.0	245.0	144.0	1.0	15.0	97.88263066475149	144.0	40.0	0.0	18.0	2.390940642127686	9.0	0.02941015165552896	2.094897910882411
1.0	1.000000059604646E-4	50.0	19.0	119.0	0.034889810673666144	123.0	0.0	116.0	50.0	0.0	232.0	0.0	68.0	97.40415504446239	267.0	0.0	18.0	263.0	144.0	2.0	18.0	97.3651992239827	144.0	70.0	17.0	232.0	2.5619856289384915	116.0	0.03385932659912827	2.599910965343636
1.0	1.000000059604646E-4	500.0	19.0	126.0	0.05216006258675909	183.0	0.0	1275.0	500.0	0.0	2550.0	0.0	72.0	97.33599258333345	327.0	0.0	27.0	270.0	144.0	2.0	19.0	96.782728030955	144.0	104.0	433.0	2550.0	2.6283347898899474	1275.0	0.035672626776594996	3.165111906458238
1.0	1.000000059604646E-4	5000.0	19.0	128.0	0.0534317237208537	187.0	0.0	13143.0	5000.0	0.0	26286.0	0.0	73.0	97.3165263570165	331.0	0.0	27.0	272.0	144.0	2.0	19.0	96.7440207440124	144.0	107.0	4854.0	26286.0	2.647274402140907	13143.0	0.03619924084259374	3.202547532266738
1.0	1.000000059604646E-4	50000.0	19.0	120.0	0.0439688310718056	156.0	0.0	119752.0	50000.0	0.0	239504.0	0.0	68.0	97.39441462837736	300.0	3.0	23.0	264.0	144.0	2.0	18.0	97.04440760487914	144.0	89.0	40323.0	239504.0	2.5714698464453476	119752.0	0.03411552517728067	2.9116235640490604
0.0	1.000000059604646E-4	5.0	19.0	7.0	0.049990003978986605	5.0	0.0	9.0	5.0	0.0	18.0	0.0	7.0	99.93002099233054	5.0	0.0	2.0	7.0	144.0	1.0	2.0	99.95000999602101	144.0	5.0	0.0	18.0	0.0	9.0	0.06997900766946705	0.0
0.0	1.000000059604646E-4	50.0	19.0	9.0	0.10994502304664769	11.0	0.0	129.0	50.0	0.0	258.0	0.0	9.0	99.91003598624114	11.0	0.0	2.0	9.0	144.0	2.0	2.0	99.89005497695335	144.0	11.0	37.0	258.0	0.0	129.0	0.08996401375885785	0.0
0.0	1.000000059604646E-4	500.0	19.0	8.0	0.09995501795299179	10.0	0.0	1234.0	500.0	0.0	2468.0	0.0	8.0	99.92002798963567	10.0	0.0	2.0	8.0	144.0	2.0	2.0	99.900044982047	144.0	10.0	259.0	2468.0	0.0	1234.0	0.07997201036432812	0.0
0.0	1.000000059604646E-4	5000.0	19.0	8.0	0.09995501795299179	10.0	0.0	11986.0	5000.0	0.0	23972.0	0.0	8.0	99.92002798963567	10.0	17.0	2.0	8.0	144.0	2.0	2.0	99.900044982047	144.0	10.0	4751.0	23972.0	0.0	11986.0	0.07997201036432812	0.0
0.0	1.000000059604646E-4	50000.0	19.0	8.0	0.10994502304664769	11.0	0.0	116411.0	50000.0	0.0	232822.0	0.0	8.0	99.92002798963567	11.0	163.0	2.0	8.0	144.0	2.0	2.0	99.89005497695335	144.0	11.0	50343.0	232822.0	0.0	116411.0	0.07997201036432812	0.0
1.0	1.000000074505808E-5	5.0	19.0	101.0	2.275881751834241E-4	70.0	0.0	9.0	5.0	0.0	18.0	0.0	57.0	99.75529863982871	214.0	0.0	11.0	245.0	144.0	1.0	15.0	99.78622773311884	144.0	40.0	0.0	18.0	0.24440294390645684	9.0	2.98416264843393E-4	0.213544678705979
1.0	1.000000074505808E-5	50.0	19.0	119.0	3.0577820677724077E-4	104.0	0.0	116.0	50.0	0.0	232.0	0.0	68.0	99.73734421091065	248.0	0.0	15.0	263.0	144.0	2.0	18.0	99.75230601057304	144.0	59.0	10.0	232.0	0.2623118579370299	116.0	3.439311523245614E-4	0.24738821122019056
1.0	1.000000074505808E-5	500.0	19.0	118.0	2.3402438761310762E-4	73.0	0.0	1156.0	500.0	0.0	2312.0	0.0	67.0	99.73834159440091	217.0	0.0	11.0	262.0	144.0	2.0	17.0	99.7832341759996	144.0	42.0	12.0	2312.0	0.26131708761784583	1156.0	3.4131798125613955E-4	0.2165317996127907
1.0	1.000000074505808E-5	5000.0	19.0	139.0	6.163205353737489E-4	208.0	0.0	13788.0	5000.0	0.0	27576.0	0.0	79.0	99.71739863547846	352.0	0.0	30.0	283.0	144.0	2.0	20.0	99.64861701377534	144.0	119.0	4436.0	27576.0	0.282203081194983	13788.0	3.9828332655256204E-4	0.35076666568929793
1.0	1.000000074505808E-5	50000.0	19.0	128.0	4.8726888027816884E-4	169.0	0.0	129537.0	50000.0	0.0	259074.0	0.0	73.0	99.72836820830902	313.0	0.0	25.0	272.0	144.0	2.0	19.0	99.68748775096174	144.0	96.0	42367.0	259074.0	0.27126389437627846	129537.0	3.6789731469033526E-4	0.31202498015798336
0.0	1.000000074505808E-5	5.0	19.0	7.0	0.004999900373497989	5.0	0.0	9.0	5.0	0.0	18.0	0.0	7.0	99.993000209475	5.0	0.0	2.0	7.0	144.0	1.0	2.0	99.9950000996265	144.0	5.0	0.0	18.0	0.0	9.0	0.006999790525000905	0.0
0.0	1.000000074505808E-5	50.0	19.0	8.0	0.006999790525000905	7.0	0.0	116.0	50.0	0.0	232.0	0.0	8.0	99.99200027939841	7.0	0.0	2.0	8.0	144.0	2.0	2.0	99.993000209475	144.0	7.0	10.0	232.0	0.0	116.0	0.007999720601594863	0.0
0.0	1.000000074505808E-5	500.0	19.0	9.0	0.007999720601594863	8.0	0.0	1286.0	500.0	0.0	2572.0	0.0	9.0	99.99100035932112	8.0	0.0	2.0	9.0	144.0	2.0	2.0	99.99200027939841	144.0	8.0	134.0	2572.0	0.0	1286.0	0.008999640678887703	0.0
0.0	1.000000074505808E-5	5000.0	19.0	8.0	0.006999790525000905	7.0	0.0	12465.0	5000.0	0.0	24930.0	0.0	8.0	99.99200027939841	7.0	2.0	2.0	8.0	144.0	2.0	2.0	99.993000209475	144.0	7.0	1967.0	24930.0	0.0	12465.0	0.007999720601594863	0.0
0.0	1.000000074505808E-5	50000.0	19.0	8.0	0.009999550756979555	10.0	0.0	118962.0	50000.0	0.0	237924.0	0.0	8.0	99.99200027939841	10.0	13.0	2.0	8.0	144.0	2.0	2.0	99.99000044924303	144.0	10.0	38117.0	237924.0	0.0	118962.0	0.007999720601594863	0.0
1.0	1.0000000894069703E-6	5.0	19.0	101.0	2.278778221675992E-6	70.0	0.0	9.0	5.0	0.0	18.0	0.0	57.0	99.9755029865681	214.0	0.0	11.0	245.0	144.0	1.0	15.0	99.97860227702616	144.0	40.0	0.0	18.0	0.024494024915670463	9.0	2.9885162344811533E-6	0.021395444195629467
1.0	1.0000000894069703E-6	50.0	19.0	119.0	3.0622981594952137E-6	104.0	0.0	116.0	50.0	0.0	232.0	0.0	68.0	99.97370344264964	248.0	0.0	15.0	263.0	144.0	2.0	18.0	99.97520306033225	144.0	59.0	10.0	232.0	0.02629311264931683	116.0	3.444701046628751E-6	0.024793877369585028
1.0	1.0000000894069703E-6	500.0	19.0	118.0	2.34326442694055E-6	73.0	0.0	1156.0	500.0	0.0	2312.0	0.0	67.0	99.97380341646199	217.0	0.0	11.0	262.0	144.0	2.0	17.0	99.97830234149244	144.0	41.0	10.0	2312.0	0.02619316503012939	1156.0	3.4185078767734467E-6	0.021695315243131334
1.0	1.0000000894069703E-6	5000.0	19.0	118.0	2.8915396410589267E-6	97.0	0.0	11578.0	5000.0	0.0	23156.0	0.0	67.0	99.97380341646199	241.0	0.0	14.0	262.0	144.0	2.0	17.0	99.97590288961555	144.0	55.0	946.0	23156.0	0.02619316503012939	11578.0	3.4185078767734467E-6	0.02409421884480711
1.0	1.0000000894069703E-6	50000.0	19.0	131.0	6.211347336471107E-6	209.0	0.0	134119.0	50000.0	0.0	268238.0	0.0	75.0	99.97250376469931	353.0	0.0	30.0	275.0	144.0	2.0	19.0	99.96470620891839	144.0	119.0	55399.0	268238.0	0.027492468485778892	134119.0	3.766814904437865E-6	0.03528757973428323
0.0	1.0000000894069703E-6	5.0	19.0	7.0	4.999990447062103E-4	5.0	0.0	9.0	5.0	0.0	18.0	0.0	7.0	99.99930000203742	5.0	0.0	2.0	7.0	144.0	1.0	2.0	99.9995000009553	144.0	5.0	0.0	18.0	0.0	9.0	6.999979625814792E-4	0.0
0.0	1.0000000894069703E-6	50.0	19.0	8.0	6.999979625814792E-4	7.0	0.0	116.0	50.0	0.0	232.0	0.0	8.0	99.99920000272847	7.0	0.0	2.0	8.0	144.0	2.0	2.0	99.99930000203742	144.0	7.0	10.0	232.0	0.0	116.0	7.99997271523843E-4	0.0
0.0	1.0000000894069703E-6	500.0	19.0	8.0	4.999990447062103E-4	5.0	0.0	1156.0	500.0	0.0	2312.0	0.0	8.0	99.99920000272847	5.0	0.0	2.0	8.0	144.0	2.0	2.0	99.9995000009553	144.0	5.0	12.0	2312.0	0.0	1156.0	7.99997271523843E-4	0.0
0.0	1.0000000894069703E-6	5000.0	19.0	8.0	4.999990447062103E-4	5.0	0.0	11587.0	5000.0	0.0	23174.0	0.0	8.0	99.99920000272847	5.0	0.0	2.0	8.0	144.0	2.0	2.0	99.9995000009553	144.0	5.0	22.0	23174.0	0.0	11587.0	7.99997271523843E-4	0.0
0.0	1.0000000894069703E-6	50000.0	19.0	9.0	9.999955894195286E-4	10.0	0.0	131144.0	50000.0	0.0	262288.0	0.0	9.0	99.99910000351953	10.0	2.0	2.0	9.0	144.0	2.0	2.0	99.99900000441058	144.0	10.0	34086.0	262288.0	0.0	131144.0	8.999964804771609E-4	0.0
1.0	1.0000001043081328E-7	5.0	19.0	101.0	2.2789647946552805E-8	70.0	0.0	9.0	5.0	0.0	18.0	0.0	57.0	99.99755002963539	214.0	0.0	11.0	245.0	144.0	1.0	15.0	99.99786002256866	144.0	40.0	0.0	18.0	0.0024499404762688046	9.0	2.988834735262458E-8	0.002139954641693083
1.0	1.0000001043081328E-7	50.0	19.0	119.0	3.062631259709292E-8	104.0	0.0	116.0	50.0	0.0	232.0	0.0	68.0	99.99737003417964	248.0	0.0	15.0	263.0	144.0	2.0	18.0	99.99752003037025	144.0	59.0	10.0	232.0	0.0026299313692152632	116.0	3.445115304145929E-8	0.0024799390034248624
1.0	1.0000001043081328E-7	500.0	19.0	118.0	2.3434620910478543E-8	73.0	0.0	1156.0	500.0	0.0	2312.0	0.0	67.0	99.99738003391867	217.0	0.0	11.0	262.0	144.0	2.0	17.0	99.99783002321053	144.0	41.0	10.0	2312.0	0.0026199318921620337	1156.0	3.418916261210825E-8	0.0021699533548427633
1.0	1.0000001043081328E-7	5000.0	19.0	118.0	2.2789647946552805E-8	70.0	0.0	11578.0	5000.0	0.0	23156.0	0.0	67.0	99.99738003391867	214.0	0.0	11.0	262.0	144.0	2.0	17.0	99.99786002256866	144.0	40.0	10.0	23156.0	0.0026199318921620337	11578.0	3.418916261210825E-8	0.002139954641693083
1.0	1.0000001043081328E-7	50000.0	19.0	123.0	2.7259461354844916E-8	90.0	0.0	121533.0	50000.0	0.0	243066.0	0.0	70.0	99.99733003523347	234.0	0.0	13.0	267.0	144.0	2.0	18.0	99.99766002701783	144.0	51.0	10380.0	243066.0	0.002669929257428966	121533.0	3.550909566385485E-8	0.002339945722702133
0.0	1.0000001043081328E-7	5.0	19.0	7.0	4.9999995196310465E-5	5.0	0.0	9.0	5.0	0.0	18.0	0.0	7.0	99.99993000001372	5.0	0.0	2.0	7.0	144.0	1.0	2.0	99.9999500000048	144.0	5.0	0.0	18.0	0.0	9.0	6.999998628478621E-5	0.0
0.0	1.0000001043081328E-7	50.0	19.0	8.0	6.999998628478621E-5	7.0	0.0	116.0	50.0	0.0	232.0	0.0	8.0	99.99992000001969	7.0	0.0	2.0	8.0	144.0	2.0	2.0	99.99993000001372	144.0	7.0	10.0	232.0	0.0	116.0	7.999998032227598E-5	0.0
0.0	1.0000001043081328E-7	500.0	19.0	8.0	4.9999995196310465E-5	5.0	0.0	1156.0	500.0	0.0	2312.0	0.0	8.0	99.99992000001969	5.0	0.0	2.0	8.0	144.0	2.0	2.0	99.9999500000048	144.0	5.0	10.0	2312.0	0.0	1156.0	7.999998032227598E-5	0.0
0.0	1.0000001043081328E-7	5000.0	19.0	8.0	4.9999995196310465E-5	5.0	0.0	11578.0	5000.0	0.0	23156.0	0.0	8.0	99.99992000001969	5.0	0.0	2.0	8.0	144.0	2.0	2.0	99.9999500000048	144.0	5.0	10.0	23156.0	0.0	11578.0	7.999998032227598E-5	0.0
0.0	1.0000001043081328E-7	50000.0	19.0	9.0	7.999998032227598E-5	8.0	0.0	132693.0	50000.0	0.0	265386.0	0.0	9.0	99.99991000002665	8.0	0.0	2.0	9.0	144.0	2.0	2.0	99.99992000001969	144.0	8.0	13071.0	265386.0	0.0	132693.0	8.999997334786593E-5	0.0
1.0	1.0000001192092956E-8	5.0	19.0	101.0	2.2721824421978454E-10	70.0	0.0	9.0	5.0	0.0	18.0	0.0	57.0	99.99975500027048	214.0	0.0	11.0	245.0	144.0	1.0	15.0	99.9997860002031	144.0	40.0	0.0	18.0	2.449994314068631E-4	9.0	2.981059843421008E-10	2.1399956969116526E-4
1.0	1.0000001192092956E-8	50.0	19.0	119.0	3.054778652256118E-10	104.0	0.0	116.0	50.0	0.0	232.0	0.0	68.0	99.99973700031401	248.0	0.0	15.0	263.0	144.0	2.0	18.0	99.99975200027752	144.0	59.0	10.0	232.0	2.629993422927819E-4	116.0	3.436917417332097E-10	2.479994170045147E-4
1.0	1.0000001192092956E-8	500.0	19.0	118.0	2.336464355323642E-10	73.0	0.0	1156.0	500.0	0.0	2312.0	0.0	67.0	99.99973800031151	217.0	0.0	11.0	262.0	144.0	2.0	17.0	99.9997830002092	144.0	41.0	10.0	2312.0	2.6199934741356353E-4	1156.0	3.4107161539509434E-10	2.1699955714881078E-4
1.0	1.0000001192092956E-8	5000.0	19.0	118.0	2.2721824421978454E-10	70.0	0.0	11578.0	5000.0	0.0	23156.0	0.0	67.0	99.99973800031151	214.0	0.0	11.0	262.0	144.0	2.0	17.0	99.9997860002031	144.0	40.0	10.0	23156.0	2.6199934741356353E-4	11578.0	3.4107161539509434E-10	2.1399956969116526E-4
1.0	1.0000001192092956E-8	50000.0	19.0	118.0	2.2721824421978454E-10	70.0	0.0	115791.0	50000.0	0.0	231582.0	0.0	67.0	99.99973800031151	214.0	0.0	11.0	262.0	144.0	2.0	17.0	99.9997860002031	144.0	40.0	10.0	231582.0	2.6199934741356353E-4	115791.0	3.4107161539509434E-10	2.1399956969116526E-4
0.0	1.0000001192092956E-8	5.0	19.0	7.0	5.000000473762046E-6	5.0	0.0	9.0	5.0	0.0	18.0	0.0	7.0	99.9999929999994	5.0	0.0	2.0	7.0	144.0	1.0	2.0	99.99999499999953	144.0	5.0	0.0	18.0	0.0	9.0	7.000000592100666E-6	0.0
0.0	1.0000001192092956E-8	50.0	19.0	8.0	7.000000592100666E-6	7.0	0.0	116.0	50.0	0.0	232.0	0.0	8.0	99.99999199999937	7.0	0.0	2.0	8.0	144.0	2.0	2.0	99.9999929999994	144.0	7.0	10.0	232.0	0.0	116.0	8.000000637923316E-6	0.0
0.0	1.0000001192092956E-8	500.0	19.0	8.0	5.000000473762046E-6	5.0	0.0	1156.0	500.0	0.0	2312.0	0.0	8.0	99.99999199999937	5.0	0.0	2.0	8.0	144.0	2.0	2.0	99.99999499999953	144.0	5.0	10.0	2312.0	0.0	1156.0	8.000000637923316E-6	0.0
0.0	1.0000001192092956E-8	5000.0	19.0	8.0	5.000000473762046E-6	5.0	0.0	11578.0	5000.0	0.0	23156.0	0.0	8.0	99.99999199999937	5.0	0.0	2.0	8.0	144.0	2.0	2.0	99.99999499999953	144.0	5.0	10.0	23156.0	0.0	11578.0	8.000000637923316E-6	0.0
0.0	1.0000001192092956E-8	50000.0	19.0	8.0	5.000000473762046E-6	5.0	0.0	115791.0	50000.0	0.0	231582.0	0.0	8.0	99.99999199999937	5.0	0.0	2.0	8.0	144.0	2.0	2.0	99.99999499999953	144.0	5.0	12.0	231582.0	0.0	115791.0	8.000000637923316E-6	0.0
