Network Hamming	Network BER	Network #messages	Network #slaves	Request Payload size (ecc):	Response fail %	Response Payload size (ecc):	Master fault with updates #messages:	Device-to-Device Response #trasmission:	Master #messages:	Device-to-Device fault:	Device-to-Device success:	Master fault with no update #messages:	Request Payload size (no-ecc):	Request success %:	Response Packet size	Device-to-Device retrasmission:	Response Packet Block count:	Request Packet size	Response Header size	Master average path:	Request Packet Block count:	Response success %:	Request Header size	Response Payload size (no-ecc):	Master average Update Link:	Device-to-Device #trasmission:	Request recoverable %	Device-to-Device Request  #trasmission:	Request fail %	Response recoverable %
1.0	0.010000000298023226	5.0	5.0	103.0	98.30191794502521	456.0	0.0	10.0	5.0	0.0	20.0	0.0	59.0	8.353972346158578	600.0	3.0	66.0	247.0	144.0	2.0	15.0	0.24050088569180866	144.0	260.0	17.0	20.0	20.842739713306788	10.0	70.80328794053463	1.4575811692829848
1.0	0.010000000298023226	50.0	5.0	108.0	98.57138805687904	476.0	0.0	87.0	50.0	3.0	178.0	1.0	62.0	7.9445445663786955	620.0	44.0	69.0	252.0	144.0	1.0	16.0	0.19670734172129886	144.0	272.0	162.0	181.0	20.22247768681929	94.0	71.83297774680202	1.231904601399667
1.0	0.010000000298023226	500.0	5.0	98.0	97.0400585935636	391.0	0.0	783.0	500.0	13.0	1578.0	1.0	56.0	8.784500279063021	535.0	294.0	56.0	242.0	144.0	1.0	15.0	0.4621990406835183	144.0	223.0	1245.0	1591.0	21.473223550792355	808.0	69.74227617014462	2.497742365752873
1.0	0.010000000298023226	5000.0	5.0	98.0	97.43803524567922	408.0	14.0	7804.0	5000.0	144.0	15686.0	4.0	56.0	8.784500279063021	552.0	3020.0	59.0	242.0	144.0	1.0	15.0	0.38960753333890874	144.0	233.0	13346.0	15830.0	21.473223550792355	8026.0	69.74227617014462	2.1723572209818838
1.0	0.010000000298023226	50000.0	5.0	98.0	97.9307225747213	433.0	132.0	77733.0	50000.0	1513.0	156205.0	33.0	56.0	8.784500279063021	577.0	31183.0	62.0	242.0	144.0	1.0	15.0	0.3030450589331504	144.0	247.0	150191.0	157718.0	21.473223550792355	79985.0	69.74227617014462	1.7662323663455586
0.0	0.010000000298023226	5.0	5.0	7.0	19.83694157699427	22.0	0.0	6.0	5.0	3.0	11.0	1.0	7.0	93.20653459429097	22.0	14.0	2.0	7.0	144.0	1.0	2.0	80.16305842300572	144.0	22.0	5.0	14.0	0.0	8.0	6.793465405709033	0.0
0.0	0.010000000298023226	50.0	5.0	7.0	26.029963329195766	30.0	0.0	57.0	50.0	18.0	117.0	5.0	7.0	93.20653459429097	30.0	116.0	2.0	7.0	144.0	1.0	2.0	73.97003667080423	144.0	30.0	97.0	135.0	0.0	78.0	6.793465405709033	0.0
0.0	0.010000000298023226	500.0	5.0	7.0	19.83694157699427	22.0	7.0	552.0	500.0	181.0	1142.0	48.0	7.0	93.20653459429097	22.0	1194.0	2.0	7.0	144.0	1.0	2.0	80.16305842300572	144.0	22.0	622.0	1323.0	0.0	771.0	6.793465405709033	0.0
0.0	0.010000000298023226	5000.0	5.0	7.0	19.83694157699427	22.0	72.0	5616.0	5000.0	1764.0	11523.0	451.0	7.0	93.20653459429097	22.0	11688.0	2.0	7.0	144.0	1.0	2.0	80.16305842300572	144.0	22.0	6448.0	13287.0	0.0	7671.0	6.793465405709033	0.0
0.0	0.010000000298023226	50000.0	5.0	7.0	21.432186486915178	24.0	654.0	56381.0	50000.0	17260.0	115674.0	4388.0	7.0	93.20653459429097	24.0	115726.0	2.0	7.0	144.0	1.0	2.0	78.56781351308483	144.0	24.0	71769.0	132934.0	0.0	76553.0	6.793465405709033	0.0
1.0	0.0010000000447034842	5.0	5.0	98.0	3.641511737026737	154.0	0.0	8.0	5.0	0.0	16.0	0.0	56.0	78.49611196329926	298.0	0.0	23.0	242.0	144.0	1.0	15.0	74.21906614109562	144.0	88.0	2.0	16.0	19.015075020178664	8.0	2.4888130165220845	22.139422121877637
1.0	0.0010000000447034842	50.0	5.0	103.0	4.094052319220687	174.0	0.0	86.0	50.0	0.0	172.0	0.0	59.0	78.10441556255851	318.0	0.0	25.0	247.0	144.0	1.0	15.0	72.74870212444117	144.0	99.0	37.0	172.0	19.31110260983532	86.0	2.5844818276061665	23.15724555633814
1.0	0.0010000000447034842	500.0	5.0	107.0	4.542402349721075	193.0	0.0	899.0	500.0	0.0	1798.0	0.0	61.0	77.7924662005378	337.0	0.0	28.0	251.0	144.0	1.0	16.0	71.37884653909029	144.0	110.0	505.0	1798.0	19.545455345430334	899.0	2.6620784540318687	24.07875111118864
1.0	0.0010000000447034842	5000.0	5.0	99.0	5.082879838686738	215.0	0.0	8183.0	5000.0	0.0	16366.0	0.0	56.0	78.41761584782691	359.0	10.0	31.0	243.0	144.0	1.0	15.0	69.82489095687919	144.0	123.0	6514.0	16366.0	19.074556059780797	8183.0	2.5078280923922946	25.09222920443408
1.0	0.0010000000447034842	50000.0	5.0	98.0	4.140416403864777	176.0	0.0	80531.0	50000.0	0.0	161062.0	0.0	56.0	78.49611196329926	320.0	82.0	26.0	242.0	144.0	1.0	15.0	72.60327746239668	144.0	100.0	45318.0	161062.0	19.015075020178664	80531.0	2.4888130165220845	23.25630613373854
0.0	0.0010000000447034842	5.0	5.0	7.0	1.8829965969807212	19.0	0.0	9.0	5.0	0.0	18.0	0.0	7.0	99.30209647239276	19.0	1.0	2.0	7.0	144.0	1.0	2.0	98.11700340301928	144.0	19.0	8.0	18.0	0.0	9.0	0.6979035276072368	0.0
0.0	0.0010000000447034842	50.0	5.0	7.0	1.489545429922287	15.0	0.0	91.0	50.0	0.0	182.0	0.0	7.0	99.30209647239276	15.0	4.0	2.0	7.0	144.0	1.0	2.0	98.51045457007771	144.0	15.0	54.0	182.0	0.0	91.0	0.6979035276072368	0.0
0.0	0.0010000000447034842	500.0	5.0	7.0	1.588055888896121	16.0	0.0	807.0	500.0	1.0	1615.0	0.0	7.0	99.30209647239276	16.0	28.0	2.0	7.0	144.0	1.0	2.0	98.41194411110388	144.0	16.0	688.0	1616.0	0.0	809.0	0.6979035276072368	0.0
0.0	0.0010000000447034842	5000.0	5.0	7.0	1.2922285860494624	13.0	0.0	8008.0	5000.0	1.0	16017.0	0.0	7.0	99.30209647239276	13.0	262.0	2.0	7.0	144.0	1.0	2.0	98.70777141395054	144.0	13.0	4995.0	16018.0	0.0	8010.0	0.6979035276072368	0.0
0.0	0.0010000000447034842	50000.0	5.0	7.0	1.2922285860494624	13.0	0.0	79959.0	50000.0	25.0	159943.0	0.0	7.0	99.30209647239276	13.0	2522.0	2.0	7.0	144.0	1.0	2.0	98.70777141395054	144.0	13.0	48375.0	159968.0	0.0	80009.0	0.6979035276072368	0.0
1.0	1.000000059604646E-4	5.0	5.0	98.0	0.04338933107300713	154.0	0.0	8.0	5.0	0.0	16.0	0.0	56.0	97.6089289584791	298.0	0.0	23.0	242.0	144.0	1.0	15.0	97.06381939927776	144.0	88.0	2.0	16.0	2.362372458849445	8.0	0.028698582671449202	2.8927912696492317
1.0	1.000000059604646E-4	50.0	5.0	100.0	0.03385932659912827	119.0	0.0	89.0	50.0	0.0	178.0	0.0	57.0	97.58940814761323	263.0	0.0	18.0	244.0	144.0	1.0	15.0	97.40415504446239	144.0	68.0	14.0	178.0	2.381419842729714	89.0	0.029172009657052467	2.5619856289384915
1.0	1.000000059604646E-4	500.0	5.0	108.0	0.034889810673666144	123.0	0.0	966.0	500.0	0.0	1932.0	0.0	61.0	97.51136393601493	267.0	0.0	18.0	252.0	144.0	1.0	16.0	97.3651992239827	144.0	70.0	208.0	1932.0	2.457532270894998	966.0	0.031103793090070386	2.599910965343636
1.0	1.000000059604646E-4	5000.0	5.0	98.0	0.0328440203504865	115.0	0.0	8165.0	5000.0	0.0	16330.0	0.0	56.0	97.6089289584791	259.0	0.0	17.0	242.0	144.0	1.0	15.0	97.44312645116754	144.0	66.0	2215.0	16330.0	2.362372458849445	8165.0	0.028698582671449202	2.5240295284819654
1.0	1.000000059604646E-4	50000.0	5.0	104.0	0.049353621063741304	174.0	0.0	85979.0	50000.0	0.0	171958.0	0.0	59.0	97.5503782370023	318.0	2.0	25.0	248.0	144.0	1.0	15.0	96.86987605958142	144.0	99.0	46094.0	171958.0	2.419491473637945	85979.0	0.030130289359742157	3.080770319354838
0.0	1.000000059604646E-4	5.0	5.0	7.0	0.10994502304664769	11.0	0.0	8.0	5.0	0.0	16.0	0.0	7.0	99.93002099233054	11.0	0.0	2.0	7.0	144.0	1.0	2.0	99.89005497695335	144.0	11.0	2.0	16.0	0.0	8.0	0.06997900766946705	0.0
0.0	1.000000059604646E-4	50.0	5.0	7.0	0.08996401375885785	9.0	0.0	94.0	50.0	0.0	188.0	0.0	7.0	99.93002099233054	9.0	0.0	2.0	7.0	144.0	1.0	2.0	99.91003598624114	144.0	9.0	18.0	188.0	0.0	94.0	0.06997900766946705	0.0
0.0	1.000000059604646E-4	500.0	5.0	7.0	0.09995501795299179	10.0	0.0	825.0	500.0	0.0	1650.0	0.0	7.0	99.93002099233054	10.0	1.0	2.0	7.0	144.0	1.0	2.0	99.900044982047	144.0	10.0	348.0	1650.0	0.0	825.0	0.06997900766946705	0.0
0.0	1.000000059604646E-4	5000.0	5.0	7.0	0.10994502304664769	11.0	0.0	8014.0	5000.0	0.0	16028.0	0.0	7.0	99.93002099233054	11.0	14.0	2.0	7.0	144.0	1.0	2.0	99.89005497695335	144.0	11.0	4276.0	16028.0	0.0	8014.0	0.06997900766946705	0.0
0.0	1.000000059604646E-4	50000.0	5.0	7.0	0.07997201036432812	8.0	0.0	80097.0	50000.0	0.0	160194.0	0.0	7.0	99.93002099233054	8.0	182.0	2.0	7.0	144.0	1.0	2.0	99.92002798963567	144.0	8.0	23427.0	160194.0	0.0	80097.0	0.06997900766946705	0.0
1.0	1.000000074505808E-5	5.0	5.0	98.0	4.4165777093319036E-4	154.0	0.0	8.0	5.0	0.0	16.0	0.0	56.0	99.75829135886507	298.0	0.0	23.0	242.0	144.0	1.0	15.0	99.70244207155623	144.0	88.0	2.0	16.0	0.2414174972504303	8.0	2.911438845121239E-4	0.29711627067283053
1.0	1.000000074505808E-5	50.0	5.0	98.0	2.449505431156851E-4	78.0	0.0	80.0	50.0	0.0	160.0	0.0	56.0	99.75829135886507	222.0	0.0	12.0	242.0	144.0	1.0	15.0	99.77824511370133	144.0	44.0	2.0	160.0	0.2414174972504303	80.0	2.911438845121239E-4	0.22150993575555003
1.0	1.000000074505808E-5	500.0	5.0	108.0	3.598190735365492E-4	125.0	0.0	947.0	500.0	0.0	1894.0	0.0	61.0	99.74831597788632	269.0	0.0	18.0	252.0	144.0	1.0	16.0	99.7313601194162	144.0	71.0	155.0	1894.0	0.2513682886755564	947.0	3.1573343812763E-4	0.26828006151026595
1.0	1.000000074505808E-5	5000.0	5.0	104.0	2.9598218650450647E-4	100.0	0.0	8613.0	5000.0	0.0	17226.0	0.0	59.0	99.75230601057304	244.0	0.0	15.0	248.0	144.0	1.0	15.0	99.75629620286506	144.0	57.0	1361.0	17226.0	0.24738821122019056	8613.0	3.0577820677724077E-4	0.24340781494843483
1.0	1.000000074505808E-5	50000.0	5.0	99.0	4.4165777093319036E-4	154.0	0.0	81126.0	50000.0	0.0	162252.0	0.0	56.0	99.75729377587714	298.0	0.0	23.0	243.0	144.0	1.0	15.0	99.70244207155623	144.0	88.0	39889.0	162252.0	0.24241266606319234	81126.0	2.935580596608034E-4	0.29711627067283053
0.0	1.000000074505808E-5	5.0	5.0	7.0	0.010999450835970552	11.0	0.0	8.0	5.0	0.0	16.0	0.0	7.0	99.993000209475	11.0	0.0	2.0	7.0	144.0	1.0	2.0	99.98900054916403	144.0	11.0	2.0	16.0	0.0	8.0	0.006999790525000905	0.0
0.0	1.000000074505808E-5	50.0	5.0	7.0	0.004999900373497989	5.0	0.0	80.0	50.0	0.0	160.0	0.0	7.0	99.993000209475	5.0	0.0	2.0	7.0	144.0	1.0	2.0	99.9950000996265	144.0	5.0	2.0	160.0	0.0	80.0	0.006999790525000905	0.0
0.0	1.000000074505808E-5	500.0	5.0	7.0	0.005999850449005695	6.0	0.0	830.0	500.0	0.0	1660.0	0.0	7.0	99.993000209475	6.0	1.0	2.0	7.0	144.0	1.0	2.0	99.994000149551	144.0	6.0	36.0	1660.0	0.0	830.0	0.006999790525000905	0.0
0.0	1.000000074505808E-5	5000.0	5.0	7.0	0.008999640678887703	9.0	0.0	8638.0	5000.0	0.0	17276.0	0.0	7.0	99.993000209475	9.0	3.0	2.0	7.0	144.0	1.0	2.0	99.99100035932112	144.0	9.0	2349.0	17276.0	0.0	8638.0	0.006999790525000905	0.0
0.0	1.000000074505808E-5	50000.0	5.0	7.0	0.009999550756979555	10.0	0.0	80725.0	50000.0	0.0	161450.0	0.0	7.0	99.993000209475	10.0	16.0	2.0	7.0	144.0	1.0	2.0	99.99000044924303	144.0	10.0	38876.0	161450.0	0.0	80725.0	0.006999790525000905	0.0
1.0	1.0000000894069703E-6	5.0	5.0	98.0	4.424427468840975E-6	154.0	0.0	8.0	5.0	0.0	16.0	0.0	56.0	99.97580291370373	298.0	0.0	23.0	242.0	144.0	1.0	15.0	99.97020442220003	144.0	88.0	2.0	16.0	0.024194170662414267	8.0	2.9156338565705653E-6	0.029791153372505506
1.0	1.0000000894069703E-6	50.0	5.0	98.0	2.4527405773078215E-6	78.0	0.0	80.0	50.0	0.0	160.0	0.0	56.0	99.97580291370373	222.0	0.0	12.0	242.0	144.0	1.0	15.0	99.97780245093583	144.0	44.0	2.0	160.0	0.024194170662414267	80.0	2.9156338565705653E-6	0.02219509632360022
1.0	1.0000000894069703E-6	500.0	5.0	98.0	2.278778221675992E-6	70.0	0.0	800.0	500.0	0.0	1600.0	0.0	56.0	99.97580291370373	214.0	0.0	11.0	242.0	144.0	1.0	15.0	99.97860227702616	144.0	40.0	2.0	1600.0	0.024194170662414267	800.0	2.9156338565705653E-6	0.021395444195629467
1.0	1.0000000894069703E-6	5000.0	5.0	98.0	2.278778221675992E-6	70.0	0.0	8000.0	5000.0	0.0	16000.0	0.0	56.0	99.97580291370373	214.0	0.0	11.0	242.0	144.0	1.0	15.0	99.97860227702616	144.0	40.0	3.0	16000.0	0.024194170662414267	8000.0	2.9156338565705653E-6	0.021395444195629467
1.0	1.0000000894069703E-6	50000.0	5.0	109.0	3.3405280652765157E-6	115.0	0.0	94054.0	50000.0	0.0	188108.0	0.0	62.0	99.97470318527202	259.0	0.0	17.0	253.0	144.0	1.0	16.0	99.97410333849889	144.0	66.0	11376.0	188108.0	0.025293627460927677	94054.0	3.18726705028638E-6	0.02589332097303536
0.0	1.0000000894069703E-6	5.0	5.0	7.0	0.0010999945983623486	11.0	0.0	8.0	5.0	0.0	16.0	0.0	7.0	99.99930000203742	11.0	0.0	2.0	7.0	144.0	1.0	2.0	99.99890000540164	144.0	11.0	2.0	16.0	0.0	8.0	6.999979625814792E-4	0.0
0.0	1.0000000894069703E-6	50.0	5.0	7.0	4.999990447062103E-4	5.0	0.0	80.0	50.0	0.0	160.0	0.0	7.0	99.99930000203742	5.0	0.0	2.0	7.0	144.0	1.0	2.0	99.9995000009553	144.0	5.0	2.0	160.0	0.0	80.0	6.999979625814792E-4	0.0
0.0	1.0000000894069703E-6	500.0	5.0	7.0	4.999990447062103E-4	5.0	0.0	800.0	500.0	0.0	1600.0	0.0	7.0	99.99930000203742	5.0	0.0	2.0	7.0	144.0	1.0	2.0	99.9995000009553	144.0	5.0	3.0	1600.0	0.0	800.0	6.999979625814792E-4	0.0
0.0	1.0000000894069703E-6	5000.0	5.0	7.0	5.999985536386676E-4	6.0	0.0	8233.0	5000.0	0.0	16466.0	0.0	7.0	99.99930000203742	6.0	1.0	2.0	7.0	144.0	1.0	2.0	99.99940000144636	144.0	6.0	659.0	16466.0	0.0	8233.0	6.999979625814792E-4	0.0
0.0	1.0000000894069703E-6	50000.0	5.0	7.0	6.999979625814792E-4	7.0	0.0	81006.0	50000.0	0.0	162012.0	0.0	7.0	99.99930000203742	7.0	0.0	2.0	7.0	144.0	1.0	2.0	99.99930000203742	144.0	7.0	18898.0	162012.0	0.0	81006.0	6.999979625814792E-4	0.0
1.0	1.0000001043081328E-7	5.0	5.0	98.0	4.4250691999536684E-8	154.0	0.0	8.0	5.0	0.0	16.0	0.0	56.0	99.99758002890951	298.0	0.0	23.0	242.0	144.0	1.0	15.0	99.99702004394318	144.0	88.0	2.0	16.0	0.0024199419311134013	8.0	2.91593749146557E-8	0.0029799118061296912
1.0	1.0000001043081328E-7	50.0	5.0	98.0	2.4529578368515104E-8	78.0	0.0	80.0	50.0	0.0	160.0	0.0	56.0	99.99758002890951	222.0	0.0	12.0	242.0	144.0	1.0	15.0	99.99778002430033	144.0	44.0	2.0	160.0	0.0024199419311134013	80.0	2.91593749146557E-8	0.0022199511700935217
1.0	1.0000001043081328E-7	500.0	5.0	98.0	2.2789647946552805E-8	70.0	0.0	800.0	500.0	0.0	1600.0	0.0	56.0	99.99758002890951	214.0	0.0	11.0	242.0	144.0	1.0	15.0	99.99786002256866	144.0	40.0	2.0	1600.0	0.0024199419311134013	800.0	2.91593749146557E-8	0.002139954641693083
1.0	1.0000001043081328E-7	5000.0	5.0	98.0	2.2789647946552805E-8	70.0	0.0	8000.0	5000.0	0.0	16000.0	0.0	56.0	99.99758002890951	214.0	0.0	11.0	242.0	144.0	1.0	15.0	99.99786002256866	144.0	40.0	2.0	16000.0	0.0024199419311134013	8000.0	2.91593749146557E-8	0.002139954641693083
1.0	1.0000001043081328E-7	50000.0	5.0	98.0	2.2789647946552805E-8	70.0	0.0	80000.0	50000.0	0.0	160000.0	0.0	56.0	99.99758002890951	214.0	0.0	11.0	242.0	144.0	1.0	15.0	99.99786002256866	144.0	40.0	2.0	160000.0	0.0024199419311134013	80000.0	2.91593749146557E-8	0.002139954641693083
0.0	1.0000001043081328E-7	5.0	5.0	7.0	1.0999995641885869E-4	11.0	0.0	8.0	5.0	0.0	16.0	0.0	7.0	99.99993000001372	11.0	0.0	2.0	7.0	144.0	1.0	2.0	99.99989000004358	144.0	11.0	2.0	16.0	0.0	8.0	6.999998628478621E-5	0.0
0.0	1.0000001043081328E-7	50.0	5.0	7.0	4.9999995196310465E-5	5.0	0.0	80.0	50.0	0.0	160.0	0.0	7.0	99.99993000001372	5.0	0.0	2.0	7.0	144.0	1.0	2.0	99.9999500000048	144.0	5.0	2.0	160.0	0.0	80.0	6.999998628478621E-5	0.0
0.0	1.0000001043081328E-7	500.0	5.0	7.0	4.9999995196310465E-5	5.0	0.0	800.0	500.0	0.0	1600.0	0.0	7.0	99.99993000001372	5.0	0.0	2.0	7.0	144.0	1.0	2.0	99.9999500000048	144.0	5.0	2.0	1600.0	0.0	800.0	6.999998628478621E-5	0.0
0.0	1.0000001043081328E-7	5000.0	5.0	7.0	4.9999995196310465E-5	5.0	0.0	8000.0	5000.0	0.0	16000.0	0.0	7.0	99.99993000001372	5.0	0.0	2.0	7.0	144.0	1.0	2.0	99.9999500000048	144.0	5.0	2.0	16000.0	0.0	8000.0	6.999998628478621E-5	0.0
0.0	1.0000001043081328E-7	50000.0	5.0	7.0	4.9999995196310465E-5	5.0	0.0	83272.0	50000.0	0.0	166544.0	0.0	7.0	99.99993000001372	5.0	0.0	2.0	7.0	144.0	1.0	2.0	99.9999500000048	144.0	5.0	3275.0	166544.0	0.0	83272.0	6.999998628478621E-5	0.0
1.0	1.0000001192092956E-8	5.0	5.0	98.0	4.415690035841635E-10	154.0	0.0	8.0	5.0	0.0	16.0	0.0	56.0	99.99975800026354	298.0	0.0	23.0	242.0	144.0	1.0	15.0	99.99970200040796	144.0	88.0	2.0	16.0	2.419994456292122E-4	8.0	2.90834023530806E-10	2.979991504654718E-4
1.0	1.0000001192092956E-8	50.0	5.0	98.0	2.4459323455516824E-10	78.0	0.0	80.0	50.0	0.0	160.0	0.0	56.0	99.99975800026354	222.0	0.0	12.0	242.0	144.0	1.0	15.0	99.99977800021956	144.0	44.0	2.0	160.0	2.419994456292122E-4	80.0	2.90834023530806E-10	2.2199953584488795E-4
1.0	1.0000001192092956E-8	500.0	5.0	98.0	2.2721824421978454E-10	70.0	0.0	800.0	500.0	0.0	1600.0	0.0	56.0	99.99975800026354	214.0	0.0	11.0	242.0	144.0	1.0	15.0	99.9997860002031	144.0	40.0	2.0	1600.0	2.419994456292122E-4	800.0	2.90834023530806E-10	2.1399956969116526E-4
1.0	1.0000001192092956E-8	5000.0	5.0	98.0	2.2721824421978454E-10	70.0	0.0	8000.0	5000.0	0.0	16000.0	0.0	56.0	99.99975800026354	214.0	0.0	11.0	242.0	144.0	1.0	15.0	99.9997860002031	144.0	40.0	2.0	16000.0	2.419994456292122E-4	8000.0	2.90834023530806E-10	2.1399956969116526E-4
1.0	1.0000001192092956E-8	50000.0	5.0	98.0	2.2721824421978454E-10	70.0	0.0	80000.0	50000.0	0.0	160000.0	0.0	56.0	99.99975800026354	214.0	0.0	11.0	242.0	144.0	1.0	15.0	99.9997860002031	144.0	40.0	2.0	160000.0	2.419994456292122E-4	80000.0	2.90834023530806E-10	2.1399956969116526E-4
0.0	1.0000001192092956E-8	5.0	5.0	7.0	1.1000000722004635E-5	11.0	0.0	8.0	5.0	0.0	16.0	0.0	7.0	99.9999929999994	11.0	0.0	2.0	7.0	144.0	1.0	2.0	99.99998899999927	144.0	11.0	2.0	16.0	0.0	8.0	7.000000592100666E-6	0.0
0.0	1.0000001192092956E-8	50.0	5.0	7.0	5.000000473762046E-6	5.0	0.0	80.0	50.0	0.0	160.0	0.0	7.0	99.9999929999994	5.0	0.0	2.0	7.0	144.0	1.0	2.0	99.99999499999953	144.0	5.0	2.0	160.0	0.0	80.0	7.000000592100666E-6	0.0
0.0	1.0000001192092956E-8	500.0	5.0	7.0	5.000000473762046E-6	5.0	0.0	800.0	500.0	0.0	1600.0	0.0	7.0	99.9999929999994	5.0	0.0	2.0	7.0	144.0	1.0	2.0	99.99999499999953	144.0	5.0	2.0	1600.0	0.0	800.0	7.000000592100666E-6	0.0
0.0	1.0000001192092956E-8	5000.0	5.0	7.0	5.000000473762046E-6	5.0	0.0	8000.0	5000.0	0.0	16000.0	0.0	7.0	99.9999929999994	5.0	0.0	2.0	7.0	144.0	1.0	2.0	99.99999499999953	144.0	5.0	2.0	16000.0	0.0	8000.0	7.000000592100666E-6	0.0
0.0	1.0000001192092956E-8	50000.0	5.0	7.0	5.000000473762046E-6	5.0	0.0	80000.0	50000.0	0.0	160000.0	0.0	7.0	99.9999929999994	5.0	0.0	2.0	7.0	144.0	1.0	2.0	99.99999499999953	144.0	5.0	2.0	160000.0	0.0	80000.0	7.000000592100666E-6	0.0
1.0	0.010000000298023226	5.0	19.0	110.0	98.58370710326017	477.0	0.0	11.0	5.0	0.0	22.0	0.0	63.0	7.786448124819796	621.0	1.0	69.0	254.0	144.0	2.0	16.0	0.19474026824546253	144.0	272.0	20.0	22.0	19.977352355973498	11.0	72.2361995192067	1.2215526284943705
1.0	0.010000000298023226	50.0	19.0	136.0	99.88929917343702	764.0	0.0	133.0	50.0	2.0	271.0	0.0	78.0	5.995900961755741	908.0	34.0	110.0	280.0	144.0	2.0	20.0	0.010883199138287355	144.0	436.0	344.0	273.0	16.958104240714093	140.0	77.04599479753017	0.09981762742469315
1.0	0.010000000298023226	500.0	19.0	121.0	99.73717837202751	668.0	2.0	1170.0	500.0	12.0	2354.0	0.0	69.0	6.971504847866987	812.0	270.0	96.0	265.0	144.0	2.0	18.0	0.028561295797065206	144.0	381.0	3078.0	2366.0	18.661099396961216	1196.0	74.3673957551718	0.23426033217542547
1.0	0.010000000298023226	5000.0	19.0	120.0	99.66546255286114	641.0	24.0	11550.0	5000.0	166.0	23265.0	0.0	68.0	7.041924090874388	785.0	3050.0	92.0	264.0	144.0	2.0	18.0	0.03746516558982211	144.0	366.0	28506.0	23431.0	18.778464807626502	11881.0	74.1796111014991	0.2970722815490376
1.0	0.010000000298023226	50000.0	19.0	120.0	99.5669500940651	612.0	226.0	115320.0	50000.0	1535.0	232023.0	0.0	68.0	7.041924090874388	756.0	31138.0	88.0	264.0	144.0	2.0	18.0	0.0501426193525167	144.0	350.0	266901.0	233558.0	18.778464807626502	118238.0	74.1796111014991	0.38290728658237616
0.0	0.010000000298023226	5.0	19.0	7.0	22.217864645461045	25.0	0.0	9.0	5.0	1.0	19.0	0.0	7.0	93.20653459429097	25.0	10.0	2.0	7.0	144.0	2.0	2.0	77.78213535453895	144.0	25.0	9.0	20.0	0.0	11.0	6.793465405709033	0.0
0.0	0.010000000298023226	50.0	19.0	8.0	26.029963329195766	30.0	3.0	83.0	50.0	17.0	182.0	2.0	8.0	92.27446922057035	30.0	122.0	2.0	8.0	144.0	2.0	2.0	73.97003667080423	144.0	30.0	116.0	199.0	0.0	116.0	7.7255307794296515	0.0
0.0	0.010000000298023226	500.0	19.0	8.0	30.358678949760005	36.0	16.0	872.0	500.0	156.0	1870.0	10.0	8.0	92.27446922057035	36.0	1250.0	2.0	8.0	144.0	2.0	2.0	69.64132105024	144.0	36.0	1590.0	2026.0	0.0	1154.0	7.7255307794296515	0.0
0.0	0.010000000298023226	5000.0	19.0	8.0	29.65523124120771	35.0	150.0	8630.0	5000.0	1531.0	18406.0	85.0	8.0	92.27446922057035	35.0	12121.0	2.0	8.0	144.0	2.0	2.0	70.34476875879228	144.0	35.0	15314.0	19937.0	0.0	11307.0	7.7255307794296515	0.0
0.0	0.010000000298023226	50000.0	19.0	8.0	28.9446780000319	34.0	1369.0	85864.0	50000.0	15792.0	183528.0	912.0	8.0	92.27446922057035	34.0	122072.0	2.0	8.0	144.0	2.0	2.0	71.0553219999681	144.0	34.0	152176.0	199320.0	0.0	113456.0	7.7255307794296515	0.0
1.0	0.0010000000447034842	5.0	19.0	101.0	4.280692015452548	182.0	0.0	9.0	5.0	0.0	18.0	0.0	57.0	78.26085902674303	326.0	0.0	27.0	245.0	144.0	1.0	15.0	72.16874537643075	144.0	104.0	4.0	18.0	19.19310442397462	9.0	2.546036549282349	23.550562608116703
1.0	0.0010000000447034842	50.0	19.0	149.0	12.24946936883029	458.0	0.0	160.0	50.0	0.0	320.0	0.0	85.0	74.59127737735437	602.0	0.0	66.0	293.0	144.0	3.0	22.0	54.755014756729594	144.0	261.0	213.0	320.0	21.8771223719203	160.0	3.531600250725331	32.99551587444011
1.0	0.0010000000447034842	500.0	19.0	130.0	9.317654745248616	366.0	0.0	1332.0	500.0	0.0	2664.0	0.0	74.0	76.0227838094157	510.0	0.0	53.0	274.0	144.0	2.0	19.0	60.03423561260398	144.0	209.0	1594.0	2664.0	20.85109479068713	1332.0	3.126121399897175	30.648109642147396
1.0	0.0010000000447034842	5000.0	19.0	124.0	8.412325664147868	336.0	0.0	12531.0	5000.0	0.0	25062.0	0.0	71.0	76.48052127814034	480.0	8.0	49.0	268.0	144.0	2.0	18.0	61.86347892680273	144.0	192.0	13630.0	25062.0	20.517297917653927	12531.0	3.002180804205723	29.724195409049397
1.0	0.0010000000447034842	50000.0	19.0	122.0	7.882894042625177	318.0	0.0	121558.0	50000.0	0.0	243116.0	0.0	70.0	76.63371207542386	462.0	107.0	46.0	266.0	144.0	2.0	18.0	62.987671149370485	144.0	181.0	136640.0	243116.0	20.404973297533637	121558.0	2.9613146270425106	29.12943480800434
0.0	0.0010000000447034842	5.0	19.0	7.0	1.390936361875994	14.0	0.0	9.0	5.0	0.0	18.0	0.0	7.0	99.30209647239276	14.0	0.0	2.0	7.0	144.0	1.0	2.0	98.60906363812401	144.0	14.0	7.0	18.0	0.0	9.0	0.6979035276072368	0.0
0.0	0.0010000000447034842	50.0	19.0	9.0	2.07913249554693	21.0	0.0	131.0	50.0	0.0	262.0	0.0	9.0	99.10359157267504	21.0	0.0	2.0	9.0	144.0	2.0	2.0	97.92086750445307	144.0	21.0	93.0	262.0	0.0	131.0	0.896408427324953	0.0
0.0	0.0010000000447034842	500.0	19.0	8.0	1.9811136047699105	20.0	0.0	1183.0	500.0	0.0	2366.0	0.0	8.0	99.20279437148123	20.0	16.0	2.0	8.0	144.0	2.0	2.0	98.01888639523008	144.0	20.0	1051.0	2366.0	0.0	1183.0	0.7972056285187691	0.0
0.0	0.0010000000447034842	5000.0	19.0	8.0	2.07913249554693	21.0	0.0	11642.0	5000.0	2.0	23288.0	0.0	8.0	99.20279437148123	21.0	228.0	2.0	8.0	144.0	2.0	2.0	97.92086750445307	144.0	21.0	11369.0	23290.0	0.0	11648.0	0.7972056285187691	0.0
0.0	0.0010000000447034842	50000.0	19.0	8.0	2.1770533674287846	22.0	0.0	116572.0	50000.0	22.0	233178.0	0.0	8.0	99.20279437148123	22.0	2317.0	2.0	8.0	144.0	2.0	2.0	97.82294663257122	144.0	22.0	127866.0	233200.0	0.0	116628.0	0.7972056285187691	0.0
1.0	1.000000059604646E-4	5.0	19.0	101.0	0.0224714243660995	70.0	0.0	9.0	5.0	0.0	18.0	0.0	57.0	97.57964920621679	214.0	0.0	11.0	245.0	144.0	1.0	15.0	97.88263066475149	144.0	40.0	0.0	18.0	2.390940642127686	9.0	0.02941015165552896	2.094897910882411
1.0	1.000000059604646E-4	50.0	19.0	119.0	0.034889810673666144	123.0	0.0	116.0	50.0	0.0	232.0	0.0	68.0	97.40415504446239	267.0	0.0	18.0	263.0	144.0	2.0	18.0	97.3651992239827	144.0	70.0	17.0	232.0	2.5619856289384915	116.0	0.03385932659912827	2.599910965343636
1.0	1.000000059604646E-4	500.0	19.0	126.0	0.05216006258675909	183.0	0.0	1275.0	500.0	0.0	2550.0	0.0	72.0	97.33599258333345	327.0	0.0	27.0	270.0	144.0	2.0	19.0	96.782728030955	144.0	104.0	433.0	2550.0	2.6283347898899474	1275.0	0.035672626776594996	3.165111906458238
1.0	1.000000059604646E-4	5000.0	19.0	128.0	0.0534317237208537	187.0	0.0	13143.0	5000.0	0.0	26286.0	0.0	73.0	97.3165263570165	331.0	0.0	27.0	272.0	144.0	2.0	19.0	96.7440207440124	144.0	107.0	4854.0	26286.0	2.647274402140907	13143.0	0.03619924084259374	3.202547532266738
1.0	1.000000059604646E-4	50000.0	19.0	120.0	0.0439688310718056	156.0	0.0	119752.0	50000.0	0.0	239504.0	0.0	68.0	97.39441462837736	300.0	3.0	23.0	264.0	144.0	2.0	18.0	97.04440760487914	144.0	89.0	40323.0	239504.0	2.5714698464453476	119752.0	0.03411552517728067	2.9116235640490604
0.0	1.000000059604646E-4	5.0	19.0	7.0	0.049990003978986605	5.0	0.0	9.0	5.0	0.0	18.0	0.0	7.0	99.93002099233054	5.0	0.0	2.0	7.0	144.0	1.0	2.0	99.95000999602101	144.0	5.0	0.0	18.0	0.0	9.0	0.06997900766946705	0.0
0.0	1.000000059604646E-4	50.0	19.0	9.0	0.10994502304664769	11.0	0.0	129.0	50.0	0.0	258.0	0.0	9.0	99.91003598624114	11.0	0.0	2.0	9.0	144.0	2.0	2.0	99.89005497695335	144.0	11.0	37.0	258.0	0.0	129.0	0.08996401375885785	0.0
0.0	1.000000059604646E-4	500.0	19.0	8.0	0.09995501795299179	10.0	0.0	1234.0	500.0	0.0	2468.0	0.0	8.0	99.92002798963567	10.0	0.0	2.0	8.0	144.0	2.0	2.0	99.900044982047	144.0	10.0	259.0	2468.0	0.0	1234.0	0.07997201036432812	0.0
0.0	1.000000059604646E-4	5000.0	19.0	8.0	0.09995501795299179	10.0	0.0	11986.0	5000.0	0.0	23972.0	0.0	8.0	99.92002798963567	10.0	17.0	2.0	8.0	144.0	2.0	2.0	99.900044982047	144.0	10.0	4751.0	23972.0	0.0	11986.0	0.07997201036432812	0.0
0.0	1.000000059604646E-4	50000.0	19.0	8.0	0.10994502304664769	11.0	0.0	116411.0	50000.0	0.0	232822.0	0.0	8.0	99.92002798963567	11.0	163.0	2.0	8.0	144.0	2.0	2.0	99.89005497695335	144.0	11.0	50343.0	232822.0	0.0	116411.0	0.07997201036432812	0.0
1.0	1.000000074505808E-5	5.0	19.0	101.0	2.275881751834241E-4	70.0	0.0	9.0	5.0	0.0	18.0	0.0	57.0	99.75529863982871	214.0	0.0	11.0	245.0	144.0	1.0	15.0	99.78622773311884	144.0	40.0	0.0	18.0	0.24440294390645684	9.0	2.98416264843393E-4	0.213544678705979
1.0	1.000000074505808E-5	50.0	19.0	119.0	3.0577820677724077E-4	104.0	0.0	116.0	50.0	0.0	232.0	0.0	68.0	99.73734421091065	248.0	0.0	15.0	263.0	144.0	2.0	18.0	99.75230601057304	144.0	59.0	10.0	232.0	0.2623118579370299	116.0	3.439311523245614E-4	0.24738821122019056
1.0	1.000000074505808E-5	500.0	19.0	118.0	2.3402438761310762E-4	73.0	0.0	1156.0	500.0	0.0	2312.0	0.0	67.0	99.73834159440091	217.0	0.0	11.0	262.0	144.0	2.0	17.0	99.7832341759996	144.0	42.0	12.0	2312.0	0.26131708761784583	1156.0	3.4131798125613955E-4	0.2165317996127907
1.0	1.000000074505808E-5	5000.0	19.0	139.0	6.163205353737489E-4	208.0	0.0	13788.0	5000.0	0.0	27576.0	0.0	79.0	99.71739863547846	352.0	0.0	30.0	283.0	144.0	2.0	20.0	99.64861701377534	144.0	119.0	4436.0	27576.0	0.282203081194983	13788.0	3.9828332655256204E-4	0.35076666568929793
1.0	1.000000074505808E-5	50000.0	19.0	128.0	4.8726888027816884E-4	169.0	0.0	129537.0	50000.0	0.0	259074.0	0.0	73.0	99.72836820830902	313.0	0.0	25.0	272.0	144.0	2.0	19.0	99.68748775096174	144.0	96.0	42367.0	259074.0	0.27126389437627846	129537.0	3.6789731469033526E-4	0.31202498015798336
0.0	1.000000074505808E-5	5.0	19.0	7.0	0.004999900373497989	5.0	0.0	9.0	5.0	0.0	18.0	0.0	7.0	99.993000209475	5.0	0.0	2.0	7.0	144.0	1.0	2.0	99.9950000996265	144.0	5.0	0.0	18.0	0.0	9.0	0.006999790525000905	0.0
0.0	1.000000074505808E-5	50.0	19.0	8.0	0.006999790525000905	7.0	0.0	116.0	50.0	0.0	232.0	0.0	8.0	99.99200027939841	7.0	0.0	2.0	8.0	144.0	2.0	2.0	99.993000209475	144.0	7.0	10.0	232.0	0.0	116.0	0.007999720601594863	0.0
0.0	1.000000074505808E-5	500.0	19.0	9.0	0.007999720601594863	8.0	0.0	1286.0	500.0	0.0	2572.0	0.0	9.0	99.99100035932112	8.0	0.0	2.0	9.0	144.0	2.0	2.0	99.99200027939841	144.0	8.0	134.0	2572.0	0.0	1286.0	0.008999640678887703	0.0
0.0	1.000000074505808E-5	5000.0	19.0	8.0	0.006999790525000905	7.0	0.0	12465.0	5000.0	0.0	24930.0	0.0	8.0	99.99200027939841	7.0	2.0	2.0	8.0	144.0	2.0	2.0	99.993000209475	144.0	7.0	1967.0	24930.0	0.0	12465.0	0.007999720601594863	0.0
0.0	1.000000074505808E-5	50000.0	19.0	8.0	0.009999550756979555	10.0	0.0	118962.0	50000.0	0.0	237924.0	0.0	8.0	99.99200027939841	10.0	13.0	2.0	8.0	144.0	2.0	2.0	99.99000044924303	144.0	10.0	38117.0	237924.0	0.0	118962.0	0.007999720601594863	0.0
1.0	1.0000000894069703E-6	5.0	19.0	101.0	2.278778221675992E-6	70.0	0.0	9.0	5.0	0.0	18.0	0.0	57.0	99.9755029865681	214.0	0.0	11.0	245.0	144.0	1.0	15.0	99.97860227702616	144.0	40.0	0.0	18.0	0.024494024915670463	9.0	2.9885162344811533E-6	0.021395444195629467
1.0	1.0000000894069703E-6	50.0	19.0	119.0	3.0622981594952137E-6	104.0	0.0	116.0	50.0	0.0	232.0	0.0	68.0	99.97370344264964	248.0	0.0	15.0	263.0	144.0	2.0	18.0	99.97520306033225	144.0	59.0	10.0	232.0	0.02629311264931683	116.0	3.444701046628751E-6	0.024793877369585028
1.0	1.0000000894069703E-6	500.0	19.0	118.0	2.34326442694055E-6	73.0	0.0	1156.0	500.0	0.0	2312.0	0.0	67.0	99.97380341646199	217.0	0.0	11.0	262.0	144.0	2.0	17.0	99.97830234149244	144.0	41.0	10.0	2312.0	0.02619316503012939	1156.0	3.4185078767734467E-6	0.021695315243131334
1.0	1.0000000894069703E-6	5000.0	19.0	118.0	2.8915396410589267E-6	97.0	0.0	11578.0	5000.0	0.0	23156.0	0.0	67.0	99.97380341646199	241.0	0.0	14.0	262.0	144.0	2.0	17.0	99.97590288961555	144.0	55.0	946.0	23156.0	0.02619316503012939	11578.0	3.4185078767734467E-6	0.02409421884480711
1.0	1.0000000894069703E-6	50000.0	19.0	131.0	6.211347336471107E-6	209.0	0.0	134119.0	50000.0	0.0	268238.0	0.0	75.0	99.97250376469931	353.0	0.0	30.0	275.0	144.0	2.0	19.0	99.96470620891839	144.0	119.0	55399.0	268238.0	0.027492468485778892	134119.0	3.766814904437865E-6	0.03528757973428323
0.0	1.0000000894069703E-6	5.0	19.0	7.0	4.999990447062103E-4	5.0	0.0	9.0	5.0	0.0	18.0	0.0	7.0	99.99930000203742	5.0	0.0	2.0	7.0	144.0	1.0	2.0	99.9995000009553	144.0	5.0	0.0	18.0	0.0	9.0	6.999979625814792E-4	0.0
0.0	1.0000000894069703E-6	50.0	19.0	8.0	6.999979625814792E-4	7.0	0.0	116.0	50.0	0.0	232.0	0.0	8.0	99.99920000272847	7.0	0.0	2.0	8.0	144.0	2.0	2.0	99.99930000203742	144.0	7.0	10.0	232.0	0.0	116.0	7.99997271523843E-4	0.0
0.0	1.0000000894069703E-6	500.0	19.0	8.0	4.999990447062103E-4	5.0	0.0	1156.0	500.0	0.0	2312.0	0.0	8.0	99.99920000272847	5.0	0.0	2.0	8.0	144.0	2.0	2.0	99.9995000009553	144.0	5.0	12.0	2312.0	0.0	1156.0	7.99997271523843E-4	0.0
0.0	1.0000000894069703E-6	5000.0	19.0	8.0	4.999990447062103E-4	5.0	0.0	11587.0	5000.0	0.0	23174.0	0.0	8.0	99.99920000272847	5.0	0.0	2.0	8.0	144.0	2.0	2.0	99.9995000009553	144.0	5.0	22.0	23174.0	0.0	11587.0	7.99997271523843E-4	0.0
0.0	1.0000000894069703E-6	50000.0	19.0	9.0	9.999955894195286E-4	10.0	0.0	131144.0	50000.0	0.0	262288.0	0.0	9.0	99.99910000351953	10.0	2.0	2.0	9.0	144.0	2.0	2.0	99.99900000441058	144.0	10.0	34086.0	262288.0	0.0	131144.0	8.999964804771609E-4	0.0
1.0	1.0000001043081328E-7	5.0	19.0	101.0	2.2789647946552805E-8	70.0	0.0	9.0	5.0	0.0	18.0	0.0	57.0	99.99755002963539	214.0	0.0	11.0	245.0	144.0	1.0	15.0	99.99786002256866	144.0	40.0	0.0	18.0	0.0024499404762688046	9.0	2.988834735262458E-8	0.002139954641693083
1.0	1.0000001043081328E-7	50.0	19.0	119.0	3.062631259709292E-8	104.0	0.0	116.0	50.0	0.0	232.0	0.0	68.0	99.99737003417964	248.0	0.0	15.0	263.0	144.0	2.0	18.0	99.99752003037025	144.0	59.0	10.0	232.0	0.0026299313692152632	116.0	3.445115304145929E-8	0.0024799390034248624
1.0	1.0000001043081328E-7	500.0	19.0	118.0	2.3434620910478543E-8	73.0	0.0	1156.0	500.0	0.0	2312.0	0.0	67.0	99.99738003391867	217.0	0.0	11.0	262.0	144.0	2.0	17.0	99.99783002321053	144.0	41.0	10.0	2312.0	0.0026199318921620337	1156.0	3.418916261210825E-8	0.0021699533548427633
1.0	1.0000001043081328E-7	5000.0	19.0	118.0	2.2789647946552805E-8	70.0	0.0	11578.0	5000.0	0.0	23156.0	0.0	67.0	99.99738003391867	214.0	0.0	11.0	262.0	144.0	2.0	17.0	99.99786002256866	144.0	40.0	10.0	23156.0	0.0026199318921620337	11578.0	3.418916261210825E-8	0.002139954641693083
1.0	1.0000001043081328E-7	50000.0	19.0	123.0	2.7259461354844916E-8	90.0	0.0	121533.0	50000.0	0.0	243066.0	0.0	70.0	99.99733003523347	234.0	0.0	13.0	267.0	144.0	2.0	18.0	99.99766002701783	144.0	51.0	10380.0	243066.0	0.002669929257428966	121533.0	3.550909566385485E-8	0.002339945722702133
0.0	1.0000001043081328E-7	5.0	19.0	7.0	4.9999995196310465E-5	5.0	0.0	9.0	5.0	0.0	18.0	0.0	7.0	99.99993000001372	5.0	0.0	2.0	7.0	144.0	1.0	2.0	99.9999500000048	144.0	5.0	0.0	18.0	0.0	9.0	6.999998628478621E-5	0.0
0.0	1.0000001043081328E-7	50.0	19.0	8.0	6.999998628478621E-5	7.0	0.0	116.0	50.0	0.0	232.0	0.0	8.0	99.99992000001969	7.0	0.0	2.0	8.0	144.0	2.0	2.0	99.99993000001372	144.0	7.0	10.0	232.0	0.0	116.0	7.999998032227598E-5	0.0
0.0	1.0000001043081328E-7	500.0	19.0	8.0	4.9999995196310465E-5	5.0	0.0	1156.0	500.0	0.0	2312.0	0.0	8.0	99.99992000001969	5.0	0.0	2.0	8.0	144.0	2.0	2.0	99.9999500000048	144.0	5.0	10.0	2312.0	0.0	1156.0	7.999998032227598E-5	0.0
0.0	1.0000001043081328E-7	5000.0	19.0	8.0	4.9999995196310465E-5	5.0	0.0	11578.0	5000.0	0.0	23156.0	0.0	8.0	99.99992000001969	5.0	0.0	2.0	8.0	144.0	2.0	2.0	99.9999500000048	144.0	5.0	10.0	23156.0	0.0	11578.0	7.999998032227598E-5	0.0
0.0	1.0000001043081328E-7	50000.0	19.0	9.0	7.999998032227598E-5	8.0	0.0	132693.0	50000.0	0.0	265386.0	0.0	9.0	99.99991000002665	8.0	0.0	2.0	9.0	144.0	2.0	2.0	99.99992000001969	144.0	8.0	13071.0	265386.0	0.0	132693.0	8.999997334786593E-5	0.0
1.0	1.0000001192092956E-8	5.0	19.0	101.0	2.2721824421978454E-10	70.0	0.0	9.0	5.0	0.0	18.0	0.0	57.0	99.99975500027048	214.0	0.0	11.0	245.0	144.0	1.0	15.0	99.9997860002031	144.0	40.0	0.0	18.0	2.449994314068631E-4	9.0	2.981059843421008E-10	2.1399956969116526E-4
1.0	1.0000001192092956E-8	50.0	19.0	119.0	3.054778652256118E-10	104.0	0.0	116.0	50.0	0.0	232.0	0.0	68.0	99.99973700031401	248.0	0.0	15.0	263.0	144.0	2.0	18.0	99.99975200027752	144.0	59.0	10.0	232.0	2.629993422927819E-4	116.0	3.436917417332097E-10	2.479994170045147E-4
1.0	1.0000001192092956E-8	500.0	19.0	118.0	2.336464355323642E-10	73.0	0.0	1156.0	500.0	0.0	2312.0	0.0	67.0	99.99973800031151	217.0	0.0	11.0	262.0	144.0	2.0	17.0	99.9997830002092	144.0	41.0	10.0	2312.0	2.6199934741356353E-4	1156.0	3.4107161539509434E-10	2.1699955714881078E-4
1.0	1.0000001192092956E-8	5000.0	19.0	118.0	2.2721824421978454E-10	70.0	0.0	11578.0	5000.0	0.0	23156.0	0.0	67.0	99.99973800031151	214.0	0.0	11.0	262.0	144.0	2.0	17.0	99.9997860002031	144.0	40.0	10.0	23156.0	2.6199934741356353E-4	11578.0	3.4107161539509434E-10	2.1399956969116526E-4
1.0	1.0000001192092956E-8	50000.0	19.0	118.0	2.2721824421978454E-10	70.0	0.0	115791.0	50000.0	0.0	231582.0	0.0	67.0	99.99973800031151	214.0	0.0	11.0	262.0	144.0	2.0	17.0	99.9997860002031	144.0	40.0	10.0	231582.0	2.6199934741356353E-4	115791.0	3.4107161539509434E-10	2.1399956969116526E-4
0.0	1.0000001192092956E-8	5.0	19.0	7.0	5.000000473762046E-6	5.0	0.0	9.0	5.0	0.0	18.0	0.0	7.0	99.9999929999994	5.0	0.0	2.0	7.0	144.0	1.0	2.0	99.99999499999953	144.0	5.0	0.0	18.0	0.0	9.0	7.000000592100666E-6	0.0
0.0	1.0000001192092956E-8	50.0	19.0	8.0	7.000000592100666E-6	7.0	0.0	116.0	50.0	0.0	232.0	0.0	8.0	99.99999199999937	7.0	0.0	2.0	8.0	144.0	2.0	2.0	99.9999929999994	144.0	7.0	10.0	232.0	0.0	116.0	8.000000637923316E-6	0.0
0.0	1.0000001192092956E-8	500.0	19.0	8.0	5.000000473762046E-6	5.0	0.0	1156.0	500.0	0.0	2312.0	0.0	8.0	99.99999199999937	5.0	0.0	2.0	8.0	144.0	2.0	2.0	99.99999499999953	144.0	5.0	10.0	2312.0	0.0	1156.0	8.000000637923316E-6	0.0
0.0	1.0000001192092956E-8	5000.0	19.0	8.0	5.000000473762046E-6	5.0	0.0	11578.0	5000.0	0.0	23156.0	0.0	8.0	99.99999199999937	5.0	0.0	2.0	8.0	144.0	2.0	2.0	99.99999499999953	144.0	5.0	10.0	23156.0	0.0	11578.0	8.000000637923316E-6	0.0
0.0	1.0000001192092956E-8	50000.0	19.0	8.0	5.000000473762046E-6	5.0	0.0	115791.0	50000.0	0.0	231582.0	0.0	8.0	99.99999199999937	5.0	0.0	2.0	8.0	144.0	2.0	2.0	99.99999499999953	144.0	5.0	12.0	231582.0	0.0	115791.0	8.000000637923316E-6	0.0
1.0	0.010000000298023226	5.0	29.0	236.0	99.99103162401698	1038.0	0.0	33.0	5.0	0.0	66.0	0.0	135.0	2.19469360100623	1182.0	12.0	149.0	380.0	144.0	6.0	34.0	6.931063213559686E-4	144.0	593.0	64.0	66.0	8.424076701899715	33.0	89.38122969709406	0.008275269661666461
1.0	0.010000000298023226	50.0	29.0	236.0	99.99995664672535	1605.0	0.0	285.0	50.0	1.0	578.0	0.0	135.0	2.19469360100623	1749.0	61.0	230.0	380.0	144.0	5.0	34.0	2.322496790225662E-6	144.0	917.0	920.0	579.0	8.424076701899715	294.0	89.38122969709406	4.1030777862484106E-5
1.0	0.010000000298023226	500.0	29.0	207.0	99.99993599187292	1564.0	2.0	2464.0	500.0	20.0	4933.0	5.0	118.0	2.937333496279953	1708.0	631.0	224.0	351.0	144.0	5.0	30.0	3.5068092975013234E-6	144.0	894.0	8437.0	4953.0	10.414182709403493	2489.0	86.64848379431656	6.0501317782224596E-5
1.0	0.010000000298023226	5000.0	29.0	198.0	99.99985254628098	1476.0	61.0	23298.0	5000.0	253.0	46604.0	54.0	113.0	3.2154111072661236	1620.0	5978.0	211.0	342.0	144.0	4.0	29.0	8.49209876053645E-6	144.0	843.0	78792.0	46857.0	11.107784159482726	23559.0	85.67680473325115	1.3896162026471657E-4
1.0	0.010000000298023226	50000.0	29.0	197.0	99.99990643665544	1524.0	687.0	232482.0	50000.0	2743.0	464936.0	540.0	112.0	3.2478900083172424	1668.0	61638.0	218.0	341.0	144.0	4.0	29.0	5.242088765041248E-6	144.0	870.0	833745.0	467679.0	11.187177032086511	235197.0	85.56493295959623	8.832125579097625E-5
0.0	0.010000000298023226	5.0	29.0	15.0	25.282791219119495	29.0	1.0	15.0	5.0	3.0	38.0	0.0	15.0	86.00583507576928	29.0	16.0	2.0	15.0	144.0	5.0	2.0	74.71720878088051	144.0	29.0	14.0	41.0	0.0	26.0	13.994164924230713	0.0
0.0	0.010000000298023226	50.0	29.0	15.0	43.60948192236106	57.0	2.0	143.0	50.0	24.0	308.0	12.0	15.0	86.00583507576928	57.0	180.0	2.0	15.0	144.0	5.0	2.0	56.39051807763893	144.0	57.0	246.0	332.0	0.0	189.0	13.994164924230713	0.0
0.0	0.010000000298023226	500.0	29.0	14.0	56.13825090172513	82.0	18.0	1579.0	500.0	209.0	3317.0	101.0	14.0	86.8745809107676	82.0	1755.0	2.0	14.0	144.0	4.0	2.0	43.86174909827486	144.0	82.0	4056.0	3526.0	0.0	1947.0	13.125419089232393	0.0
0.0	0.010000000298023226	5000.0	29.0	14.0	52.941336903902595	75.0	220.0	14621.0	5000.0	2179.0	31391.0	1036.0	14.0	86.8745809107676	75.0	17453.0	2.0	14.0	144.0	4.0	2.0	47.058663096097405	144.0	75.0	34981.0	33570.0	0.0	18949.0	13.125419089232393	0.0
0.0	0.010000000298023226	50000.0	29.0	14.0	53.41192354888814	76.0	2059.0	146955.0	50000.0	21433.0	314701.0	10042.0	14.0	86.8745809107676	76.0	173476.0	2.0	14.0	144.0	4.0	2.0	46.58807645111186	144.0	76.0	352588.0	336134.0	0.0	189179.0	13.125419089232393	0.0
1.0	0.0010000000447034842	5.0	29.0	221.0	14.882825964213753	536.0	0.0	31.0	5.0	0.0	62.0	0.0	126.0	69.40698757041635	680.0	0.0	77.0	365.0	144.0	6.0	32.0	50.64446415765354	144.0	306.0	32.0	62.0	25.358910507340916	31.0	5.23410192224274	34.47270987813271
1.0	0.0010000000447034842	50.0	29.0	246.0	36.22035362467935	1125.0	0.0	313.0	50.0	0.0	626.0	0.0	141.0	67.69247613995077	1269.0	0.0	161.0	390.0	144.0	6.0	36.0	28.093414961925273	144.0	643.0	650.0	626.0	26.42649336930638	313.0	5.881030490742855	35.68623141339538
1.0	0.0010000000447034842	500.0	29.0	241.0	41.75254017819792	1283.0	0.0	2995.0	500.0	0.0	5990.0	0.0	137.0	68.03195629699785	1427.0	0.0	184.0	385.0	144.0	5.0	35.0	23.985659864121402	144.0	733.0	7778.0	5990.0	26.218522869272714	2995.0	5.749520833729438	34.26179995768068
1.0	0.0010000000447034842	5000.0	29.0	221.0	34.39078355092919	1074.0	0.0	27080.0	5000.0	0.0	54160.0	0.0	126.0	69.40698757041635	1218.0	8.0	154.0	365.0	144.0	5.0	32.0	29.56409816025234	144.0	613.0	62850.0	54160.0	25.358910507340916	27080.0	5.23410192224274	36.04511828881847
1.0	0.0010000000447034842	50000.0	29.0	210.0	31.232808607185735	987.0	0.0	256945.0	50000.0	0.0	513890.0	0.0	120.0	70.1750652494967	1131.0	34.0	142.0	354.0	144.0	5.0	31.0	32.252780548873304	144.0	564.0	573430.0	513890.0	24.866841051007228	256945.0	4.958093699496069	36.514410843940965
0.0	0.0010000000447034842	5.0	29.0	15.0	3.053946504900756	31.0	0.0	29.0	5.0	0.0	58.0	0.0	15.0	98.51045457007771	31.0	0.0	2.0	15.0	144.0	5.0	2.0	96.94605349509925	144.0	31.0	21.0	58.0	0.0	29.0	1.489545429922287	0.0
0.0	0.0010000000447034842	50.0	29.0	15.0	4.498002014227044	46.0	0.0	271.0	50.0	0.0	542.0	0.0	15.0	98.51045457007771	46.0	2.0	2.0	15.0	144.0	5.0	2.0	95.50199798577296	144.0	46.0	342.0	542.0	0.0	271.0	1.489545429922287	0.0
0.0	0.0010000000447034842	500.0	29.0	14.0	5.354089972435227	55.0	0.0	2416.0	500.0	0.0	4832.0	0.0	14.0	98.60906363812401	55.0	16.0	2.0	14.0	144.0	4.0	2.0	94.64591002756477	144.0	55.0	3940.0	4832.0	0.0	2416.0	1.390936361875994	0.0
0.0	0.0010000000447034842	5000.0	29.0	13.0	4.402404414367864	45.0	0.0	23355.0	5000.0	0.0	46710.0	0.0	13.0	98.70777141395054	45.0	189.0	2.0	13.0	144.0	4.0	2.0	95.59759558563213	144.0	45.0	29857.0	46710.0	0.0	23355.0	1.2922285860494624	0.0
0.0	0.0010000000447034842	50000.0	29.0	13.0	4.306711121211257	44.0	0.0	232237.0	50000.0	1.0	464479.0	0.0	13.0	98.70777141395054	44.0	1988.0	2.0	13.0	144.0	4.0	2.0	95.69328887878874	144.0	44.0	279948.0	464480.0	0.0	232243.0	1.2922285860494624	0.0
1.0	1.000000059604646E-4	5.0	29.0	207.0	0.0224714243660995	70.0	0.0	26.0	5.0	0.0	52.0	0.0	118.0	96.55071639441162	214.0	0.0	11.0	351.0	144.0	5.0	30.0	97.88263066475149	144.0	40.0	0.0	52.0	3.38926927438747	26.0	0.060014331200897164	2.094897910882411
1.0	1.000000059604646E-4	50.0	29.0	199.0	0.03646396829858345	129.0	0.0	242.0	50.0	0.0	484.0	0.0	114.0	96.62799174198236	273.0	0.0	19.0	343.0	144.0	4.0	29.0	97.30679470380075	144.0	74.0	21.0	484.0	3.314671781497971	242.0	0.057336476519675994	2.6567413279006677
1.0	1.000000059604646E-4	500.0	29.0	232.0	0.3279149290480565	689.0	0.0	2935.0	500.0	0.0	5870.0	0.0	132.0	96.30962901927758	833.0	0.0	99.0	376.0	144.0	5.0	34.0	92.007124635873	144.0	394.0	3868.0	5870.0	3.6216044274320165	2935.0	0.06876655329041137	7.664960435078953
1.0	1.000000059604646E-4	5000.0	29.0	230.0	0.27004204387430786	610.0	0.0	28650.0	5000.0	0.0	57300.0	0.0	131.0	96.32889383590403	754.0	0.0	88.0	374.0	144.0	5.0	33.0	92.73689625547394	144.0	348.0	27783.0	57300.0	3.603061150337016	28650.0	0.068045013758955	6.993061700651743
1.0	1.000000059604646E-4	50000.0	29.0	242.0	0.43895028942038117	824.0	0.0	303902.0	50000.0	0.0	607804.0	0.0	138.0	96.2133627123009	968.0	0.0	118.0	386.0	144.0	6.0	35.0	90.77331365169937	144.0	470.0	454277.0	607804.0	3.7142074428231044	303902.0	0.07242984487598747	8.787736058880252
0.0	1.000000059604646E-4	5.0	29.0	14.0	0.06997900766946705	7.0	0.0	26.0	5.0	0.0	52.0	0.0	14.0	99.86009095527622	7.0	0.0	2.0	14.0	144.0	5.0	2.0	99.93002099233054	144.0	7.0	2.0	52.0	0.0	26.0	0.13990904472376953	0.0
0.0	1.000000059604646E-4	50.0	29.0	16.0	0.12992203633214097	13.0	0.0	286.0	50.0	0.0	572.0	0.0	16.0	99.84011993449577	13.0	0.0	2.0	16.0	144.0	5.0	2.0	99.87007796366785	144.0	13.0	83.0	572.0	0.0	286.0	0.15988006550422415	0.0
0.0	1.000000059604646E-4	500.0	29.0	15.0	0.29956542355564447	30.0	0.0	2674.0	500.0	0.0	5348.0	0.0	15.0	99.85010494558549	30.0	0.0	2.0	15.0	144.0	5.0	2.0	99.70043457644435	144.0	30.0	2224.0	5348.0	0.0	2674.0	0.1498950544145135	0.0
0.0	1.000000059604646E-4	5000.0	29.0	14.0	0.27962234403960295	28.0	0.0	23803.0	5000.0	0.0	47606.0	0.0	14.0	99.86009095527622	28.0	1.0	2.0	14.0	144.0	4.0	2.0	99.7203776559604	144.0	28.0	17440.0	47606.0	0.0	23803.0	0.13990904472376953	0.0
0.0	1.000000059604646E-4	50000.0	29.0	13.0	0.2497002447389524	25.0	0.0	232703.0	50000.0	0.0	465406.0	0.0	13.0	99.87007796366785	25.0	42.0	2.0	13.0	144.0	4.0	2.0	99.75029975526105	144.0	25.0	143379.0	465406.0	0.0	232703.0	0.12992203633214097	0.0
1.0	1.000000074505808E-5	5.0	29.0	207.0	2.275881751834241E-4	70.0	0.0	26.0	5.0	0.0	52.0	0.0	118.0	99.64961350998468	214.0	0.0	11.0	351.0	144.0	5.0	30.0	99.78622773311884	144.0	40.0	0.0	52.0	0.3497736672168861	26.0	6.128227984403267E-4	0.213544678705979
1.0	1.000000074505808E-5	50.0	29.0	196.0	2.449505431156851E-4	78.0	0.0	237.0	50.0	0.0	474.0	0.0	112.0	99.66057562600345	222.0	0.0	12.0	340.0	144.0	4.0	29.0	99.77824511370133	144.0	44.0	2.0	474.0	0.33884937086836475	237.0	5.750031281781531E-4	0.22150993575555003
1.0	1.000000074505808E-5	500.0	29.0	215.0	3.733325386945374E-4	130.0	0.0	2687.0	500.0	0.0	5374.0	0.0	123.0	99.64164181932333	274.0	0.0	19.0	359.0	144.0	5.0	31.0	99.72637365076909	144.0	74.0	625.0	5374.0	0.3577170979543497	2687.0	6.410827223302107E-4	0.2732530166922095
1.0	1.000000074505808E-5	5000.0	29.0	236.0	0.003030128128433951	637.0	0.0	29472.0	5000.0	0.0	58944.0	0.0	135.0	99.6207191653246	781.0	0.0	92.0	380.0	144.0	5.0	34.0	99.2220379484381	144.0	364.0	34324.0	58944.0	0.37856254665880634	29472.0	7.182880165879091E-4	0.7749319234334606
1.0	1.000000074505808E-5	50000.0	29.0	228.0	0.0025689052607025253	575.0	0.0	280521.0	50000.0	0.0	561042.0	0.0	130.0	99.62868918209819	719.0	0.0	83.0	372.0	144.0	5.0	33.0	99.28357499875091	144.0	328.0	243092.0	561042.0	0.3706224575955048	280521.0	6.883603063112531E-4	0.7138560959884
0.0	1.000000074505808E-5	5.0	29.0	14.0	0.004999900373497989	5.0	0.0	26.0	5.0	0.0	52.0	0.0	14.0	99.98600090892067	5.0	0.0	2.0	14.0	144.0	5.0	2.0	99.9950000996265	144.0	5.0	0.0	52.0	0.0	26.0	0.013999091079328512	0.0
0.0	1.000000074505808E-5	50.0	29.0	14.0	0.004999900373497989	5.0	0.0	237.0	50.0	0.0	474.0	0.0	14.0	99.98600090892067	5.0	0.0	2.0	14.0	144.0	4.0	2.0	99.9950000996265	144.0	5.0	4.0	474.0	0.0	237.0	0.013999091079328512	0.0
0.0	1.000000074505808E-5	500.0	29.0	14.0	0.013999091079328512	14.0	0.0	2544.0	500.0	0.0	5088.0	0.0	14.0	99.98600090892067	14.0	0.0	2.0	14.0	144.0	5.0	2.0	99.98600090892067	144.0	14.0	727.0	5088.0	0.0	2544.0	0.013999091079328512	0.0
0.0	1.000000074505808E-5	5000.0	29.0	15.0	0.03099535275839453	31.0	0.0	26579.0	5000.0	0.0	53158.0	0.0	15.0	99.98500104883709	31.0	1.0	2.0	15.0	144.0	5.0	2.0	99.9690046472416	144.0	31.0	17834.0	53158.0	0.0	26579.0	0.014998951162917279	0.0
0.0	1.000000074505808E-5	50000.0	29.0	14.0	0.02199769179273648	22.0	0.0	238592.0	50000.0	0.0	477184.0	0.0	14.0	99.98600090892067	22.0	3.0	2.0	14.0	144.0	4.0	2.0	99.97800230820727	144.0	22.0	138125.0	477184.0	0.0	238592.0	0.013999091079328512	0.0
1.0	1.0000000894069703E-6	5.0	29.0	207.0	2.278778221675992E-6	70.0	0.0	26.0	5.0	0.0	52.0	0.0	118.0	99.96490613864857	214.0	0.0	11.0	351.0	144.0	5.0	30.0	99.97860227702616	144.0	40.0	0.0	52.0	0.03508772027947241	26.0	6.141071950960253E-6	0.021395444195629467
1.0	1.0000000894069703E-6	50.0	29.0	196.0	2.4527405773078215E-6	78.0	0.0	237.0	50.0	0.0	474.0	0.0	112.0	99.96600575931213	222.0	0.0	12.0	340.0	144.0	4.0	29.0	99.97780245093583	144.0	44.0	2.0	474.0	0.03398847898545177	237.0	5.761702426276827E-6	0.02219509632360022
1.0	1.0000000894069703E-6	500.0	29.0	192.0	2.796162290596982E-6	93.0	0.0	2310.0	500.0	0.0	4620.0	0.0	110.0	99.96640562437057	237.0	0.0	14.0	336.0	144.0	4.0	28.0	99.97630279426262	144.0	53.0	105.0	4620.0	0.033588748881605394	2310.0	5.626747823228584E-6	0.023694409575095
1.0	1.0000000894069703E-6	5000.0	29.0	202.0	2.796162290596982E-6	93.0	0.0	24787.0	5000.0	0.0	49574.0	0.0	115.0	99.96540596472344	237.0	0.0	14.0	346.0	144.0	4.0	29.0	99.97630279426262	144.0	53.0	1797.0	49574.0	0.034588068144276556	24787.0	5.967132277184817E-6	0.023694409575095
1.0	1.0000000894069703E-6	50000.0	29.0	232.0	2.3279732719316826E-5	539.0	0.0	290739.0	50000.0	0.0	581478.0	0.0	133.0	99.9624070457609	683.0	0.0	78.0	376.0	144.0	5.0	34.0	99.93172327891202	144.0	308.0	260797.0	581478.0	0.03758590599555377	290739.0	7.048243555463074E-6	0.06825344135527112
0.0	1.0000000894069703E-6	5.0	29.0	14.0	4.999990447062103E-4	5.0	0.0	26.0	5.0	0.0	52.0	0.0	14.0	99.9986000089748	5.0	0.0	2.0	14.0	144.0	5.0	2.0	99.9995000009553	144.0	5.0	0.0	52.0	0.0	26.0	0.0013999910251965208	0.0
0.0	1.0000000894069703E-6	50.0	29.0	14.0	4.999990447062103E-4	5.0	0.0	237.0	50.0	0.0	474.0	0.0	14.0	99.9986000089748	5.0	0.0	2.0	14.0	144.0	4.0	2.0	99.9995000009553	144.0	5.0	2.0	474.0	0.0	237.0	0.0013999910251965208	0.0
0.0	1.0000000894069703E-6	500.0	29.0	13.0	4.999990447062103E-4	5.0	0.0	2310.0	500.0	0.0	4620.0	0.0	13.0	99.99870000768375	5.0	0.0	2.0	13.0	144.0	4.0	2.0	99.9995000009553	144.0	5.0	3.0	4620.0	0.0	2310.0	0.0012999923162505444	0.0
0.0	1.0000000894069703E-6	5000.0	29.0	14.0	0.0012999923162505444	13.0	0.0	26083.0	5000.0	0.0	52166.0	0.0	14.0	99.9986000089748	13.0	0.0	2.0	14.0	144.0	5.0	2.0	99.99870000768375	144.0	13.0	5504.0	52166.0	0.0	26083.0	0.0013999910251965208	0.0
0.0	1.0000000894069703E-6	50000.0	29.0	15.0	0.0022999749058206453	23.0	0.0	256157.0	50000.0	0.0	512314.0	0.0	15.0	99.99850001036586	23.0	0.0	2.0	15.0	144.0	5.0	2.0	99.99770002509419	144.0	23.0	135784.0	512314.0	0.0	256157.0	0.0014999896341441486	0.0
1.0	1.0000001043081328E-7	5.0	29.0	207.0	2.2789647946552805E-8	70.0	0.0	26.0	5.0	0.0	52.0	0.0	118.0	99.99649006105986	214.0	0.0	11.0	351.0	144.0	5.0	30.0	99.99786002256866	144.0	40.0	0.0	52.0	0.0035098775182396853	26.0	6.142190089875044E-8	0.002139954641693083
1.0	1.0000001043081328E-7	50.0	29.0	196.0	2.4529578368515104E-8	78.0	0.0	237.0	50.0	0.0	474.0	0.0	112.0	99.99660005727635	222.0	0.0	12.0	340.0	144.0	4.0	29.0	99.99778002430033	144.0	44.0	2.0	474.0	0.0033998850965715347	237.0	5.762708088496993E-8	0.0022199511700935217
1.0	1.0000001043081328E-7	500.0	29.0	193.0	2.321862702103772E-8	72.0	0.0	2317.0	500.0	0.0	4634.0	0.0	110.0	99.99663005626547	216.0	0.0	11.0	337.0	144.0	4.0	28.0	99.99784002299558	144.0	41.0	10.0	4634.0	0.0033698871213914557	2317.0	5.661312529881002E-8	0.0021599537857928063
1.0	1.0000001043081328E-7	5000.0	29.0	203.0	3.013334026746861E-8	102.0	0.0	24671.0	5000.0	0.0	49342.0	0.0	116.0	99.99653005967004	246.0	0.0	15.0	347.0	144.0	4.0	30.0	99.99754002987935	144.0	58.0	1588.0	49342.0	0.0034698803019952776	24671.0	6.002797148241257E-8	0.002459939987320751
1.0	1.0000001043081328E-7	50000.0	29.0	206.0	3.7948000297660656E-8	132.0	0.0	251909.0	50000.0	0.0	503818.0	0.0	117.0	99.9965000607109	276.0	0.0	19.0	350.0	144.0	5.0	30.0	99.99724003766308	144.0	75.0	34278.0	503818.0	0.003499878217178427	251909.0	6.10719141924676E-8	0.0027599243889144696
0.0	1.0000001043081328E-7	5.0	29.0	14.0	4.9999995196310465E-5	5.0	0.0	26.0	5.0	0.0	52.0	0.0	14.0	99.99986000007647	5.0	0.0	2.0	14.0	144.0	5.0	2.0	99.9999500000048	144.0	5.0	0.0	52.0	0.0	26.0	1.3999992353047564E-4	0.0
0.0	1.0000001043081328E-7	50.0	29.0	14.0	4.9999995196310465E-5	5.0	0.0	237.0	50.0	0.0	474.0	0.0	14.0	99.99986000007647	5.0	0.0	2.0	14.0	144.0	4.0	2.0	99.9999500000048	144.0	5.0	2.0	474.0	0.0	237.0	1.3999992353047564E-4	0.0
0.0	1.0000001043081328E-7	500.0	29.0	13.0	4.9999995196310465E-5	5.0	0.0	2310.0	500.0	0.0	4620.0	0.0	13.0	99.9998700000645	5.0	0.0	2.0	13.0	144.0	4.0	2.0	99.9999500000048	144.0	5.0	2.0	4620.0	0.0	2310.0	1.2999993549776693E-4	0.0
0.0	1.0000001043081328E-7	5000.0	29.0	13.0	4.9999995196310465E-5	5.0	0.0	23111.0	5000.0	0.0	46222.0	0.0	13.0	99.9998700000645	5.0	0.0	2.0	13.0	144.0	4.0	2.0	99.9999500000048	144.0	5.0	2.0	46222.0	0.0	23111.0	1.2999993549776693E-4	0.0
0.0	1.0000001043081328E-7	50000.0	29.0	14.0	8.999997334786593E-5	9.0	0.0	256164.0	50000.0	0.0	512328.0	0.0	14.0	99.99986000007647	9.0	0.0	2.0	14.0	144.0	5.0	2.0	99.99991000002665	144.0	9.0	39345.0	512328.0	0.0	256164.0	1.3999992353047564E-4	0.0
1.0	1.0000001192092956E-8	5.0	29.0	207.0	2.2721824421978454E-10	70.0	0.0	26.0	5.0	0.0	52.0	0.0	118.0	99.99964900057353	214.0	0.0	11.0	351.0	144.0	5.0	30.0	99.9997860002031	144.0	40.0	0.0	52.0	3.509988133443175E-4	26.0	6.131206653492427E-10	2.1399956969116526E-4
1.0	1.0000001192092956E-8	50.0	29.0	196.0	2.4459323455516824E-10	78.0	0.0	237.0	50.0	0.0	474.0	0.0	112.0	99.99966000053686	222.0	0.0	12.0	340.0	144.0	4.0	29.0	99.99977800021956	144.0	44.0	2.0	474.0	3.3999888793283733E-4	237.0	5.752065490582936E-10	2.2199953584488795E-4
1.0	1.0000001192092956E-8	500.0	29.0	192.0	2.2721824421978454E-10	70.0	0.0	2310.0	500.0	0.0	4620.0	0.0	110.0	99.99966400052382	214.0	0.0	11.0	336.0	144.0	4.0	28.0	99.9997860002031	144.0	40.0	2.0	4620.0	3.3599891445593833E-4	2310.0	5.61717339309098E-10	2.1399956969116526E-4
1.0	1.0000001192092956E-8	5000.0	29.0	192.0	2.2721824421978454E-10	70.0	0.0	23111.0	5000.0	0.0	46222.0	0.0	110.0	99.99966400052382	214.0	0.0	11.0	336.0	144.0	4.0	28.0	99.9997860002031	144.0	40.0	2.0	46222.0	3.3599891445593833E-4	23111.0	5.61717339309098E-10	2.1399956969116526E-4
1.0	1.0000001192092956E-8	50000.0	29.0	192.0	2.2721824421978454E-10	70.0	0.0	231040.0	50000.0	0.0	462080.0	0.0	110.0	99.99966400052382	214.0	0.0	11.0	336.0	144.0	4.0	28.0	99.9997860002031	144.0	40.0	3.0	462080.0	3.3599891445593833E-4	231040.0	5.61717339309098E-10	2.1399956969116526E-4
0.0	1.0000001192092956E-8	5.0	29.0	14.0	5.000000473762046E-6	5.0	0.0	26.0	5.0	0.0	52.0	0.0	14.0	99.9999859999993	5.0	0.0	2.0	14.0	144.0	5.0	2.0	99.99999499999953	144.0	5.0	0.0	52.0	0.0	26.0	1.4000000703801551E-5	0.0
0.0	1.0000001192092956E-8	50.0	29.0	14.0	5.000000473762046E-6	5.0	0.0	237.0	50.0	0.0	474.0	0.0	14.0	99.9999859999993	5.0	0.0	2.0	14.0	144.0	4.0	2.0	99.99999499999953	144.0	5.0	2.0	474.0	0.0	237.0	1.4000000703801551E-5	0.0
0.0	1.0000001192092956E-8	500.0	29.0	13.0	5.000000473762046E-6	5.0	0.0	2310.0	500.0	0.0	4620.0	0.0	13.0	99.99998699999928	5.0	0.0	2.0	13.0	144.0	4.0	2.0	99.99999499999953	144.0	5.0	2.0	4620.0	0.0	2310.0	1.3000000722467761E-5	0.0
0.0	1.0000001192092956E-8	5000.0	29.0	13.0	5.000000473762046E-6	5.0	0.0	23111.0	5000.0	0.0	46222.0	0.0	13.0	99.99998699999928	5.0	0.0	2.0	13.0	144.0	4.0	2.0	99.99999499999953	144.0	5.0	3.0	46222.0	0.0	23111.0	1.3000000722467761E-5	0.0
0.0	1.0000001192092956E-8	50000.0	29.0	13.0	5.000000473762046E-6	5.0	0.0	232671.0	50000.0	0.0	465342.0	0.0	13.0	99.99998699999928	5.0	0.0	2.0	13.0	144.0	4.0	2.0	99.99999499999953	144.0	5.0	3267.0	465342.0	0.0	232671.0	1.3000000722467761E-5	0.0
1.0	0.010000000298023226	5.0	23.0	296.0	99.99960600368854	1372.0	0.0	32.0	5.0	1.0	70.0	0.0	169.0	1.200841160113453	1516.0	16.0	197.0	440.0	144.0	7.0	43.0	2.4152095189809375E-5	144.0	784.0	63.0	71.0	5.337071983390231	39.0	93.46208685649631	3.6984421626234997E-4
1.0	0.010000000298023226	50.0	23.0	229.0	99.99926641876716	1306.0	3.0	249.0	50.0	6.0	504.0	0.0	131.0	2.3546563667014158	1450.0	100.0	187.0	373.0	144.0	5.0	33.0	4.688479019033368E-5	144.0	746.0	606.0	510.0	8.871584355747569	261.0	88.77375927755101	6.866964426515016E-4
1.0	0.010000000298023226	500.0	23.0	208.0	99.99829279928352	1216.0	13.0	2211.0	500.0	24.0	4428.0	0.0	119.0	2.90796016044176	1360.0	750.0	174.0	352.0	144.0	4.0	30.0	1.1584158066466249E-4	144.0	695.0	5849.0	4452.0	10.339414215043984	2241.0	86.75262562451425	0.001591359135823845
1.0	0.010000000298023226	5000.0	23.0	206.0	99.99786284251384	1192.0	149.0	21556.0	5000.0	293.0	43307.0	8.0	118.0	2.9670035324890796	1336.0	7131.0	171.0	350.0	144.0	4.0	30.0	1.4744152278766169E-4	144.0	681.0	57718.0	43600.0	10.489406743758032	22044.0	86.54358972375289	0.001989715963375066
1.0	0.010000000298023226	50000.0	23.0	206.0	99.9975866145308	1179.0	1437.0	215188.0	50000.0	2912.0	432261.0	69.0	118.0	2.9670035324890796	1323.0	70622.0	169.0	350.0	144.0	4.0	30.0	1.6802050264365912E-4	144.0	674.0	542396.0	435173.0	10.489406743758032	219985.0	86.54358972375289	0.002245364966558282
0.0	0.010000000298023226	5.0	23.0	18.0	40.703356288064455	52.0	1.0	21.0	5.0	3.0	49.0	0.0	18.0	83.45137569281887	52.0	47.0	2.0	18.0	144.0	6.0	2.0	59.296643711935545	144.0	52.0	25.0	52.0	0.0	31.0	16.54862430718112	0.0
0.0	0.010000000298023226	50.0	23.0	16.0	38.27098679773128	48.0	3.0	125.0	50.0	24.0	301.0	3.0	16.0	85.14577669937987	48.0	228.0	2.0	16.0	144.0	5.0	2.0	61.729013202268725	144.0	48.0	171.0	325.0	0.0	200.0	14.854223300620145	0.0
0.0	0.010000000298023226	500.0	23.0	15.0	43.60948192236106	57.0	37.0	1212.0	500.0	240.0	2873.0	46.0	15.0	86.00583507576928	57.0	2002.0	2.0	15.0	144.0	4.0	2.0	56.39051807763893	144.0	57.0	2323.0	3113.0	0.0	1901.0	13.994164924230713	0.0
0.0	0.010000000298023226	5000.0	23.0	15.0	43.60948192236106	57.0	367.0	12210.0	5000.0	2391.0	28487.0	481.0	15.0	86.00583507576928	57.0	20163.0	2.0	15.0	144.0	4.0	2.0	56.39051807763893	144.0	57.0	22613.0	30878.0	0.0	18668.0	13.994164924230713	0.0
0.0	0.010000000298023226	50000.0	23.0	15.0	42.46452595491297	55.0	3602.0	122998.0	50000.0	23158.0	287305.0	4487.0	15.0	86.00583507576928	55.0	198260.0	2.0	15.0	144.0	4.0	2.0	57.53547404508703	144.0	55.0	202413.0	310463.0	0.0	187465.0	13.994164924230713	0.0
1.0	0.0010000000447034842	5.0	23.0	269.0	23.042933323464297	764.0	0.0	39.0	5.0	0.0	78.0	0.0	154.0	66.1525560308812	908.0	0.0	110.0	413.0	144.0	7.0	39.0	40.31468692806356	144.0	437.0	51.0	78.0	27.348355218539183	39.0	6.499088750579607	36.642379748472145
1.0	0.0010000000447034842	50.0	23.0	253.0	27.380969078527208	882.0	0.0	298.0	50.0	0.0	596.0	0.0	145.0	67.22004796104535	1026.0	0.0	127.0	397.0	144.0	5.0	37.0	35.825387775677704	144.0	504.0	504.0	596.0	26.713073308010415	298.0	6.066878730944225	36.79364314579509
1.0	0.0010000000447034842	500.0	23.0	236.0	24.58457955844342	806.0	0.0	2690.0	500.0	0.0	5380.0	0.0	135.0	68.37313895901447	950.0	1.0	116.0	380.0	144.0	5.0	34.0	38.65572261561238	144.0	460.0	4330.0	5380.0	26.007801768833634	2690.0	5.619059272151894	36.7596978259442
1.0	0.0010000000447034842	5000.0	23.0	209.0	18.614605847801457	642.0	0.0	22943.0	5000.0	0.0	45886.0	0.0	119.0	70.24531056320012	786.0	7.0	92.0	353.0	144.0	4.0	30.0	45.54846339272311	144.0	367.0	34003.0	45886.0	24.82141715556899	22943.0	4.933272281230893	35.836930759475436
1.0	0.0010000000447034842	50000.0	23.0	207.0	18.07825513338457	627.0	0.0	225680.0	50000.0	0.0	451360.0	0.0	118.0	70.38601220789039	771.0	67.0	90.0	351.0	144.0	4.0	30.0	46.237187303121374	144.0	358.0	298207.0	451360.0	24.730221612108657	225680.0	4.883766180000948	35.68455756349406
0.0	0.0010000000447034842	5.0	23.0	17.0	2.762525684124116	28.0	0.0	32.0	5.0	0.0	64.0	0.0	17.0	98.31353216259342	28.0	0.0	2.0	17.0	144.0	6.0	2.0	97.23747431587589	144.0	28.0	15.0	64.0	0.0	32.0	1.6864678374065813	0.0
0.0	0.0010000000447034842	50.0	23.0	15.0	2.9569034039665576	30.0	0.0	232.0	50.0	0.0	464.0	0.0	15.0	98.51045457007771	30.0	3.0	2.0	15.0	144.0	4.0	2.0	97.04309659603344	144.0	30.0	161.0	464.0	0.0	232.0	1.489545429922287	0.0
0.0	0.0010000000447034842	500.0	23.0	14.0	3.537708302399784	36.0	0.0	2242.0	500.0	0.0	4484.0	0.0	14.0	98.60906363812401	36.0	20.0	2.0	14.0	144.0	4.0	2.0	96.46229169760021	144.0	36.0	2327.0	4484.0	0.0	2242.0	1.390936361875994	0.0
0.0	0.0010000000447034842	5000.0	23.0	14.0	3.2477416744964454	33.0	0.0	21929.0	5000.0	3.0	43873.0	0.0	14.0	98.60906363812401	33.0	241.0	2.0	14.0	144.0	4.0	2.0	96.75225832550356	144.0	33.0	18875.0	43876.0	0.0	21947.0	1.390936361875994	0.0
0.0	0.0010000000447034842	50000.0	23.0	14.0	3.441149447530805	35.0	0.0	219098.0	50000.0	20.0	438272.0	0.0	14.0	98.60906363812401	35.0	2343.0	2.0	14.0	144.0	4.0	2.0	96.5588505524692	144.0	35.0	206180.0	438292.0	0.0	219194.0	1.390936361875994	0.0
1.0	1.000000059604646E-4	5.0	23.0	246.0	0.02941015165552896	101.0	0.0	32.0	5.0	0.0	64.0	0.0	141.0	96.1748831373397	245.0	0.0	15.0	390.0	144.0	6.0	36.0	97.57964920621679	144.0	58.0	1.0	64.0	3.7511957855234845	32.0	0.07392107713680707	2.390940642127686
1.0	1.000000059604646E-4	50.0	23.0	240.0	0.11879089028611345	352.0	0.0	276.0	50.0	0.0	552.0	0.0	137.0	96.23260827277646	496.0	0.0	51.0	384.0	144.0	5.0	35.0	95.16076294182221	144.0	201.0	128.0	552.0	3.695701948150424	276.0	0.07168977907312524	4.7204461678916765
1.0	1.000000059604646E-4	500.0	23.0	246.0	0.13384398840764478	383.0	0.0	2838.0	500.0	0.0	5676.0	0.0	140.0	96.1748831373397	527.0	0.0	55.0	390.0	144.0	5.0	36.0	94.86620662927133	144.0	219.0	1958.0	5676.0	3.7511957855234845	2838.0	0.07392107713680707	4.999949382321026
1.0	1.000000059604646E-4	5000.0	23.0	222.0	0.068045013758955	230.0	0.0	24217.0	5000.0	0.0	48434.0	0.0	127.0	96.40599164553463	374.0	0.0	33.0	366.0	144.0	4.0	32.0	96.32889383590403	144.0	131.0	9224.0	48434.0	3.528812385798748	24217.0	0.06519596866662036	3.603061150337016
1.0	1.000000059604646E-4	50000.0	23.0	212.0	0.07058662252575898	237.0	0.0	241860.0	50000.0	0.0	483720.0	0.0	121.0	96.50245068744432	381.0	0.0	34.0	356.0	144.0	4.0	31.0	96.26148383189872	144.0	135.0	123946.0	483720.0	3.4358310323677346	241860.0	0.06171828018793901	3.6679295455755274
0.0	1.000000059604646E-4	5.0	23.0	17.0	0.11993402913972553	12.0	0.0	32.0	5.0	0.0	64.0	0.0	17.0	99.83013592190724	12.0	0.0	2.0	17.0	144.0	6.0	2.0	99.88006597086027	144.0	12.0	3.0	64.0	0.0	32.0	0.1698640780927683	0.0
0.0	1.000000059604646E-4	50.0	23.0	15.0	0.12992203633214097	13.0	0.0	239.0	50.0	0.0	478.0	0.0	15.0	99.85010494558549	13.0	0.0	2.0	15.0	144.0	4.0	2.0	99.87007796366785	144.0	13.0	52.0	478.0	0.0	239.0	0.1498950544145135	0.0
0.0	1.000000059604646E-4	500.0	23.0	14.0	0.12992203633214097	13.0	0.0	2248.0	500.0	0.0	4496.0	0.0	14.0	99.86009095527622	13.0	2.0	2.0	14.0	144.0	4.0	2.0	99.87007796366785	144.0	13.0	723.0	4496.0	0.0	2248.0	0.13990904472376953	0.0
0.0	1.000000059604646E-4	5000.0	23.0	14.0	0.12992203633214097	13.0	0.0	22134.0	5000.0	0.0	44268.0	0.0	14.0	99.86009095527622	13.0	6.0	2.0	14.0	144.0	4.0	2.0	99.87007796366785	144.0	13.0	6585.0	44268.0	0.0	22134.0	0.13990904472376953	0.0
0.0	1.000000059604646E-4	50000.0	23.0	14.0	0.13990904472376953	14.0	0.0	219414.0	50000.0	0.0	438828.0	0.0	14.0	99.86009095527622	14.0	105.0	2.0	14.0	144.0	4.0	2.0	99.86009095527622	144.0	14.0	76290.0	438828.0	0.0	219414.0	0.13990904472376953	0.0
1.0	1.000000074505808E-5	5.0	23.0	246.0	2.98416264843393E-4	101.0	0.0	32.0	5.0	0.0	64.0	0.0	141.0	99.61075754094722	245.0	0.0	15.0	390.0	144.0	6.0	36.0	99.75529863982871	144.0	58.0	1.0	64.0	0.38848586821282766	32.0	7.565908399453924E-4	0.24440294390645684
1.0	1.000000074505808E-5	50.0	23.0	211.0	3.233043362138588E-4	111.0	0.0	228.0	50.0	0.0	456.0	0.0	120.0	99.64562758493669	255.0	0.0	16.0	355.0	144.0	4.0	31.0	99.74532355810844	144.0	63.0	11.0	456.0	0.35374554173803807	228.0	6.268733252712266E-4	0.2543531375553367
1.0	1.000000074505808E-5	500.0	23.0	223.0	3.8432233124829907E-4	134.0	0.0	2440.0	500.0	0.0	4880.0	0.0	127.0	99.63367076637495	278.0	0.0	20.0	367.0	144.0	4.0	32.0	99.72238465536131	144.0	77.0	616.0	4880.0	0.36565925554888784	2440.0	6.699780761620922E-4	0.2772310223074473
1.0	1.000000074505808E-5	5000.0	23.0	236.0	5.482527586586627E-4	188.0	0.0	26827.0	5000.0	0.0	53654.0	0.0	134.0	99.6207191653246	332.0	0.0	27.0	380.0	144.0	5.0	34.0	99.66854883143762	144.0	107.0	8917.0	53654.0	0.37856254665880634	26827.0	7.182880165879091E-4	0.3309029158037183
1.0	1.000000074505808E-5	50000.0	23.0	214.0	8.443494658894046E-4	268.0	0.0	236015.0	50000.0	0.0	472030.0	0.0	122.0	99.64263824578	412.0	0.0	39.0	358.0	144.0	4.0	31.0	99.58884547351099	144.0	153.0	129012.0	472030.0	0.3567242387403055	236015.0	6.375154796844917E-4	0.41031017702312456
0.0	1.000000074505808E-5	5.0	23.0	17.0	0.006999790525000905	7.0	0.0	32.0	5.0	0.0	64.0	0.0	17.0	99.98300135866562	7.0	0.0	2.0	17.0	144.0	6.0	2.0	99.993000209475	144.0	7.0	1.0	64.0	0.0	32.0	0.016998641334371876	0.0
0.0	1.000000074505808E-5	50.0	23.0	15.0	0.006999790525000905	7.0	0.0	228.0	50.0	0.0	456.0	0.0	15.0	99.98500104883709	7.0	0.0	2.0	15.0	144.0	4.0	2.0	99.993000209475	144.0	7.0	10.0	456.0	0.0	228.0	0.014998951162917279	0.0
0.0	1.000000074505808E-5	500.0	23.0	16.0	0.009999550756979555	10.0	0.0	2528.0	500.0	0.0	5056.0	0.0	16.0	99.98400119875211	10.0	0.0	2.0	16.0	144.0	5.0	2.0	99.99000044924303	144.0	10.0	393.0	5056.0	0.0	2528.0	0.015998801247894667	0.0
0.0	1.000000074505808E-5	5000.0	23.0	15.0	0.008999640678887703	9.0	0.0	22998.0	5000.0	0.0	45996.0	0.0	15.0	99.98500104883709	9.0	0.0	2.0	15.0	144.0	4.0	2.0	99.99100035932112	144.0	9.0	5190.0	45996.0	0.0	22998.0	0.014998951162917279	0.0
0.0	1.000000074505808E-5	50000.0	23.0	14.0	0.009999550756979555	10.0	0.0	222485.0	50000.0	0.0	444970.0	0.0	14.0	99.98600090892067	10.0	7.0	2.0	14.0	144.0	4.0	2.0	99.99000044924303	144.0	10.0	62576.0	444970.0	0.0	222485.0	0.013999091079328512	0.0
1.0	1.0000000894069703E-6	5.0	23.0	246.0	2.9885162344811533E-6	101.0	0.0	32.0	5.0	0.0	64.0	0.0	141.0	99.96100758103368	245.0	0.0	15.0	390.0	144.0	6.0	36.0	99.9755029865681	144.0	58.0	1.0	64.0	0.03898483542695427	32.0	7.583539363142933E-6	0.024494024915670463
1.0	1.0000000894069703E-6	50.0	23.0	211.0	4.218687732482351E-6	147.0	0.0	228.0	50.0	0.0	456.0	0.0	120.0	99.96450627958805	291.0	0.0	22.0	355.0	144.0	4.0	31.0	99.97090421649271	144.0	84.0	23.0	456.0	0.035487438389516214	228.0	6.282022435577517E-6	0.029091564819552638
1.0	1.0000000894069703E-6	500.0	23.0	216.0	2.8436510590701403E-6	95.0	0.0	2344.0	500.0	0.0	4688.0	0.0	123.0	99.9640064580116	239.0	0.0	14.0	360.0	144.0	4.0	31.0	99.97610284173913	144.0	54.0	162.0	4688.0	0.03598708152946134	2344.0	6.460458945589664E-6	0.02389431460980835
1.0	1.0000000894069703E-6	5000.0	23.0	215.0	3.212560684140442E-6	110.0	0.0	23610.0	5000.0	0.0	47220.0	0.0	122.0	99.96410642212695	254.0	0.0	16.0	359.0	144.0	4.0	31.0	99.97460321055989	144.0	63.0	2972.0	47220.0	0.03588715330125824	23610.0	6.424571785679234E-6	0.02539357687942166
1.0	1.0000000894069703E-6	50000.0	23.0	214.0	4.046237123134233E-6	141.0	0.0	232827.0	50000.0	0.0	465654.0	0.0	122.0	99.96420638634228	285.0	0.0	21.0	358.0	144.0	4.0	31.0	99.97150404407104	144.0	81.0	38172.0	465654.0	0.03578722487316248	232827.0	6.38878455694325E-6	0.028491909691845032
0.0	1.0000000894069703E-6	5.0	23.0	17.0	6.999979625814792E-4	7.0	0.0	32.0	5.0	0.0	64.0	0.0	17.0	99.99830001344795	7.0	0.0	2.0	17.0	144.0	6.0	2.0	99.99930000203742	144.0	7.0	1.0	64.0	0.0	32.0	0.0016999865520455606	0.0
0.0	1.0000000894069703E-6	50.0	23.0	15.0	6.999979625814792E-4	7.0	0.0	228.0	50.0	0.0	456.0	0.0	15.0	99.99850001036586	7.0	0.0	2.0	15.0	144.0	4.0	2.0	99.99930000203742	144.0	7.0	10.0	456.0	0.0	228.0	0.0014999896341441486	0.0
0.0	1.0000000894069703E-6	500.0	23.0	14.0	4.999990447062103E-4	5.0	0.0	2198.0	500.0	0.0	4396.0	0.0	14.0	99.9986000089748	5.0	0.0	2.0	14.0	144.0	4.0	2.0	99.9995000009553	144.0	5.0	17.0	4396.0	0.0	2198.0	0.0013999910251965208	0.0
0.0	1.0000000894069703E-6	5000.0	23.0	16.0	0.0010999945983623486	11.0	0.0	24716.0	5000.0	0.0	49432.0	0.0	16.0	99.9984000118569	11.0	0.0	2.0	16.0	144.0	4.0	2.0	99.99890000540164	144.0	11.0	4746.0	49432.0	0.0	24716.0	0.0015999881430937286	0.0
0.0	1.0000000894069703E-6	50000.0	23.0	15.0	0.0014999896341441486	15.0	0.0	227929.0	50000.0	0.0	455858.0	0.0	15.0	99.99850001036586	15.0	0.0	2.0	15.0	144.0	4.0	2.0	99.99850001036586	144.0	15.0	74131.0	455858.0	0.0	227929.0	0.0014999896341441486	0.0
1.0	1.0000001043081328E-7	5.0	23.0	246.0	2.988834735262458E-8	101.0	0.0	32.0	5.0	0.0	64.0	0.0	141.0	99.9961000754491	245.0	0.0	15.0	390.0	144.0	6.0	36.0	99.99755002963539	144.0	58.0	1.0	64.0	0.0038998486997132787	32.0	7.58511808918172E-8	0.0024499404762688046
1.0	1.0000001043081328E-7	50.0	23.0	211.0	3.1624258767237734E-8	108.0	0.0	228.0	50.0	0.0	456.0	0.0	120.0	99.9964500624657	252.0	0.0	16.0	355.0	144.0	4.0	31.0	99.9974800313641	144.0	61.0	10.0	456.0	0.003549874702485766	228.0	6.283181752664291E-8	0.0025199370116339736
1.0	1.0000001043081328E-7	500.0	23.0	205.0	2.3434620910478543E-8	73.0	0.0	2203.0	500.0	0.0	4406.0	0.0	117.0	99.99651006036294	217.0	0.0	11.0	349.0	144.0	4.0	30.0	99.99783002321053	144.0	42.0	10.0	4406.0	0.003489878914117273	2203.0	6.072293778913718E-8	0.0021699533548427633
1.0	1.0000001043081328E-7	5000.0	23.0	205.0	2.2789647946552805E-8	70.0	0.0	21970.0	5000.0	0.0	43940.0	0.0	117.0	99.99651006036294	214.0	0.0	11.0	349.0	144.0	4.0	30.0	99.99786002256866	144.0	40.0	11.0	43940.0	0.003489878914117273	21970.0	6.072293778913718E-8	0.002139954641693083
1.0	1.0000001043081328E-7	50000.0	23.0	205.0	2.2789647946552805E-8	70.0	0.0	219569.0	50000.0	0.0	439138.0	0.0	117.0	99.99651006036294	214.0	0.0	11.0	349.0	144.0	4.0	30.0	99.99786002256866	144.0	40.0	21.0	439138.0	0.003489878914117273	219569.0	6.072293778913718E-8	0.002139954641693083
0.0	1.0000001043081328E-7	5.0	23.0	17.0	6.999998628478621E-5	7.0	0.0	32.0	5.0	0.0	64.0	0.0	17.0	99.99983000011835	7.0	0.0	2.0	17.0	144.0	6.0	2.0	99.99993000001372	144.0	7.0	1.0	64.0	0.0	32.0	1.6999988164603265E-4	0.0
0.0	1.0000001043081328E-7	50.0	23.0	15.0	6.999998628478621E-5	7.0	0.0	228.0	50.0	0.0	456.0	0.0	15.0	99.99985000008942	7.0	0.0	2.0	15.0	144.0	4.0	2.0	99.99993000001372	144.0	7.0	10.0	456.0	0.0	228.0	1.4999991057349077E-4	0.0
0.0	1.0000001043081328E-7	500.0	23.0	14.0	4.9999995196310465E-5	5.0	0.0	2203.0	500.0	0.0	4406.0	0.0	14.0	99.99986000007647	5.0	0.0	2.0	14.0	144.0	4.0	2.0	99.9999500000048	144.0	5.0	11.0	4406.0	0.0	2203.0	1.3999992353047564E-4	0.0
0.0	1.0000001043081328E-7	5000.0	23.0	14.0	4.9999995196310465E-5	5.0	0.0	21970.0	5000.0	0.0	43940.0	0.0	14.0	99.99986000007647	5.0	0.0	2.0	14.0	144.0	4.0	2.0	99.9999500000048	144.0	5.0	10.0	43940.0	0.0	21970.0	1.3999992353047564E-4	0.0
0.0	1.0000001043081328E-7	50000.0	23.0	15.0	7.999998032227598E-5	8.0	0.0	228514.0	50000.0	0.0	457028.0	0.0	15.0	99.99985000008942	8.0	0.0	2.0	15.0	144.0	4.0	2.0	99.99992000001969	144.0	8.0	24622.0	457028.0	0.0	228514.0	1.4999991057349077E-4	0.0
1.0	1.0000001192092956E-8	5.0	23.0	246.0	2.981059843421008E-10	101.0	0.0	32.0	5.0	0.0	64.0	0.0	141.0	99.9996100007133	245.0	0.0	15.0	390.0	144.0	6.0	36.0	99.99975500027048	144.0	58.0	1.0	64.0	3.8999852939421164E-4	32.0	7.573053295573118E-10	2.449994314068631E-4
1.0	1.0000001192092956E-8	50.0	23.0	211.0	3.15458770216992E-10	108.0	0.0	228.0	50.0	0.0	456.0	0.0	120.0	99.99964500058717	252.0	0.0	16.0	355.0	144.0	4.0	31.0	99.99974800028703	144.0	61.0	10.0	456.0	3.5499878562122246E-4	228.0	6.272093955317359E-10	2.5199939752138434E-4
1.0	1.0000001192092956E-8	500.0	23.0	205.0	2.336464355323642E-10	73.0	0.0	2203.0	500.0	0.0	4406.0	0.0	117.0	99.99965100056679	217.0	0.0	11.0	349.0	144.0	4.0	30.0	99.9997830002092	144.0	42.0	10.0	4406.0	3.489988270858658E-4	2203.0	6.061373625243505E-10	2.1699955714881078E-4
1.0	1.0000001192092956E-8	5000.0	23.0	205.0	2.2721824421978454E-10	70.0	0.0	21970.0	5000.0	0.0	43940.0	0.0	117.0	99.99965100056679	214.0	0.0	11.0	349.0	144.0	4.0	30.0	99.9997860002031	144.0	40.0	10.0	43940.0	3.489988270858658E-4	21970.0	6.061373625243505E-10	2.1399956969116526E-4
1.0	1.0000001192092956E-8	50000.0	23.0	205.0	2.314926028645914E-10	72.0	0.0	219569.0	50000.0	0.0	439138.0	0.0	117.0	99.99965100056679	216.0	0.0	11.0	349.0	144.0	4.0	30.0	99.99978400020716	144.0	41.0	593.0	439138.0	3.489988270858658E-4	219569.0	6.061373625243505E-10	2.1599956134959558E-4
0.0	1.0000001192092956E-8	5.0	23.0	17.0	7.000000592100666E-6	7.0	0.0	32.0	5.0	0.0	64.0	0.0	17.0	99.9999829999994	7.0	0.0	2.0	17.0	144.0	6.0	2.0	99.9999929999994	144.0	7.0	1.0	64.0	0.0	32.0	1.70000005944163E-5	0.0
0.0	1.0000001192092956E-8	50.0	23.0	15.0	7.000000592100666E-6	7.0	0.0	228.0	50.0	0.0	456.0	0.0	15.0	99.99998499999933	7.0	0.0	2.0	15.0	144.0	4.0	2.0	99.9999929999994	144.0	7.0	10.0	456.0	0.0	228.0	1.500000067623757E-5	0.0
0.0	1.0000001192092956E-8	500.0	23.0	14.0	5.000000473762046E-6	5.0	0.0	2203.0	500.0	0.0	4406.0	0.0	14.0	99.9999859999993	5.0	0.0	2.0	14.0	144.0	4.0	2.0	99.99999499999953	144.0	5.0	10.0	4406.0	0.0	2203.0	1.4000000703801551E-5	0.0
0.0	1.0000001192092956E-8	5000.0	23.0	14.0	5.000000473762046E-6	5.0	0.0	21970.0	5000.0	0.0	43940.0	0.0	14.0	99.9999859999993	5.0	0.0	2.0	14.0	144.0	4.0	2.0	99.99999499999953	144.0	5.0	10.0	43940.0	0.0	21970.0	1.4000000703801551E-5	0.0
0.0	1.0000001192092956E-8	50000.0	23.0	14.0	5.000000473762046E-6	5.0	0.0	219569.0	50000.0	0.0	439138.0	0.0	14.0	99.9999859999993	5.0	0.0	2.0	14.0	144.0	4.0	2.0	99.99999499999953	144.0	5.0	10.0	439138.0	0.0	219569.0	1.4000000703801551E-5	0.0
